12.4473731402274,14.3894599327182,0
12.4474165488256,14.3600339979727,0
12.4475466661401,14.3306725421859,0
12.4477633294506,14.3013754951646,0
12.448066376037,14.2721427867158,0
12.4484556431791,14.2429743466463,0
12.4489309681566,14.2138701047631,0
12.4494921882493,14.1848299908728,0
12.450139140737,14.1558539347826,0
12.4508716628996,14.1269418662991,0
12.4516895920168,14.0980937152294,0
12.4525927653684,14.0693094113802,0
12.4535810202341,14.0405888845585,0
12.4546541938939,14.0119320645711,0
12.4558121236274,13.9833388812249,0
12.4570546467145,13.9548092643267,0
12.4583816004349,13.9263431436835,0
12.4597928220685,13.897940449102,0
12.4612881488951,13.8696011103893,0
12.4628674181943,13.8413250573521,0
12.4645304672462,13.8131122197974,0
12.4662771333303,13.784962527532,0
12.4681072537265,13.7568759103627,0
12.4700206657146,13.7288522980965,0
12.4720172065745,13.7008916205403,0
12.4740967135858,13.6729938075008,0
12.4762590240284,13.645158788785,0
12.478503975182,13.6173864941998,0
12.4808314043266,13.5896768535519,0
12.4832411487417,13.5620297966484,0
12.4857330457074,13.5344452532961,0
12.4883069325032,13.5069231533018,0
12.4909626464091,13.4794634264724,0
12.4937000247048,13.4520660026148,0
12.4965189046702,13.4247308115358,0
12.4994191235849,13.3974577830425,0
12.5024005187288,13.3702468469415,0
12.5054629273817,13.3430979330398,0
12.5086061868234,13.3160109711443,0
12.5118301343337,13.2889858910618,0
12.5151346071923,13.2620226225992,0
12.5185194426791,13.2351210955634,0
12.5219844780738,13.2082812397613,0
12.5255295506563,13.1815029849997,0
12.5291544977063,13.1547862610855,0
12.5328591565036,13.1281309978255,0
12.5366433643281,13.1015371250268,0
12.5405069584594,13.075004572496,0
12.5444497761775,13.0485332700402,0
12.548471654762,13.0221231474661,0
12.5525724314928,12.9957741345807,0
12.5567519436497,12.9694861611908,0
12.5610100285125,12.9432591571032,0
12.5653465233609,12.917093052125,0
12.5697612654748,12.8909877760629,0
12.5742540921339,12.8649432587238,0
12.578824840618,12.8389594299146,0
12.583473348207,12.8130362194422,0
12.5881994521806,12.7871735571134,0
12.5930029898186,12.7613713727351,0
12.5978837984008,12.7356295961143,0
12.602841715207,12.7099481570576,0
12.607876577517,12.6843269853721,0
12.6129882226105,12.6587660108646,0
12.6181764877674,12.633265163342,0
12.6234412102675,12.6078243726112,0
12.6287822273906,12.582443568479,0
12.6341993764163,12.5571226807522,0
12.6396924946247,12.5318616392379,0
12.6452614192953,12.5066603737428,0
12.6509059877081,12.4815188140738,0
12.6566260371428,12.4564368900379,0
12.6624214048791,12.4314145314418,0
12.668291928197,12.4064516680924,0
12.6742374443762,12.3815482297967,0
12.6802577906964,12.3567041463614,0
12.6863528044375,12.3319193475935,0
12.6925223228793,12.3071937632999,0
12.6987661833015,12.2825273232874,0
12.705084222984,12.2579199573629,0
12.7114762792065,12.2333715953332,0
12.7179421892489,12.2088821670053,0
12.7244817903908,12.1844516021859,0
12.7310949199122,12.1600798306821,0
12.7377814150928,12.1357667823006,0
12.7445411132124,12.1115123868484,0
12.7513738515508,12.0873165741322,0
12.7582794673877,12.0631792739591,0
12.765257798003,12.0391004161358,0
12.7723086806765,12.0150799304692,0
12.779431952688,11.9911177467662,0
12.7866274513172,11.9672137948337,0
12.7938950138439,11.9433680044785,0
12.801234477548,11.9195803055076,0
12.8086456797092,11.8958506277278,0
12.8161284576073,11.8721789009459,0
12.8236826485222,11.8485650549689,0
12.8313080897335,11.8250090196036,0
12.8390046185211,11.8015107246568,0
12.8467720721648,11.7780700999356,0
12.8546102879444,11.7546870752467,0
12.8625191031396,11.731361580397,0
12.8704983550303,11.7080935451934,0
12.8785478808963,11.6848828994427,0
12.8866675180173,11.6617295729519,0
12.8948571036731,11.6386334955278,0
12.9031164751436,11.6155945969773,0
12.9114454697084,11.5926128071072,0
12.9198439246475,11.5696880557244,0
12.9283116772406,11.5468202726359,0
12.9368485647675,11.5240093876484,0
12.945454424508,11.5012553305689,0
12.9541290937418,11.4785580312042,0
12.9628724097489,11.4559174193613,0
12.9716842098088,11.4333334248468,0
12.9805643312016,11.4108059774679,0
12.9895126112069,11.3883350070312,0
12.9985288871045,11.3659204433438,0
13.0076129961742,11.3435622162124,0
13.0167647756959,11.321260255444,0
13.0259840629493,11.2990144908453,0
13.0352706952142,11.2768248522234,0
13.0446245097703,11.254691269385,0
13.0540453438976,11.2326136721371,0
13.0635330348758,11.2105919902865,0
13.0730874199846,11.18862615364,0
13.0827083365039,11.1667160920046,0
13.0923956217134,11.1448617351872,0
13.102149112893,11.1230630129945,0
13.1119686473225,11.1013198552336,0
13.1218540622815,11.0796321917112,0
13.13180519505,11.0579999522342,0
13.1418218829077,11.0364230666095,0
13.1519039631344,11.014901464644,0
13.1620512730099,10.9934350761445,0
13.172263649814,10.972023830918,0
13.1825409308265,10.9506676587713,0
13.1928829533272,10.9293664895112,0
13.2032895545958,10.9081202529447,0
13.2137605719122,10.8869288788786,0
13.2242958425561,10.8657922971198,0
13.2348952038074,10.8447104374751,0
13.2455584929458,10.8236832297515,0
13.2562855472511,10.8027106037558,0
13.2670762040032,10.7817924892949,0
13.2779303004818,10.7609288161757,0
13.2888476739666,10.740119514205,0
13.2998281617376,10.7193645131897,0
13.3108716010744,10.6986637429367,0
13.3219778292569,10.6780171332528,0
13.3331466835649,10.657424613945,0
13.3443780012782,10.6368861148201,0
13.3556716196765,10.6164015656849,0
13.3670273760396,10.5959708963465,0
13.3784451076474,10.5755940366115,0
13.3899246517796,10.5552709162869,0
13.4014658457161,10.5350014651796,0
13.4130685267365,10.5147856130965,0
13.4247325321208,10.4946232898444,0
13.4364576991486,10.4745144252301,0
13.4482438650998,10.4544589490607,0
13.4600908672542,10.4344567911429,0
13.4719985428916,10.4145078812836,0
13.4839667292918,10.3946121492897,0
13.4959952637345,10.374769524968,0
13.5080839834995,10.3549799381255,0
13.5202327258667,10.335243318569,0
13.5324413281158,10.3155595961054,0
13.5447096275266,10.2959287005415,0
13.557037461379,10.2763505616843,0
13.5694246669527,10.2568251093406,0
13.5818710815274,10.2373522733173,0
13.5943765423831,10.2179319834212,0
13.6069408867994,10.1985641694593,0
13.6195639520562,10.1792487612383,0
13.6322455754333,10.1599856885653,0
13.6449855942104,10.1407748812469,0
13.6577838456674,10.1216162690903,0
13.670640167084,10.1025097819021,0
13.68355439574,10.0834553494892,0
13.6965263689153,10.0644529016587,0
13.7095559238896,10.0455023682172,0
13.7226428979427,10.0266036789717,0
13.7357871283544,10.0077567637291,0
13.7489884524045,9.98896155229628,0
13.7622467073727,9.97021797448004,0
13.775561730539,9.95152596008729,0
13.788933359183,9.9328854389249,0
13.8023614305846,9.91429634079974,0
13.8158457820235,9.89575859551869,0
13.8293862507796,9.87727213288864,0
13.8429826741326,9.85883688271643,0
13.8566348893623,9.84045277480896,0
13.8703427337486,9.82211973897309,0
13.8841060445712,9.8038377050157,0
13.8979246591098,9.78560660274367,0
13.9117984146444,9.76742636196386,0
13.9257271484546,9.74929691248315,0
13.9397106978204,9.73121818410842,0
13.9537489000214,9.71319010664653,0
13.9678415923374,9.69521260990437,0
13.9819886120483,9.6772856236888,0
13.9961897964339,9.6594090778067,0
14.0104449827739,9.64158290206495,0
14.0247540083481,9.62380702627041,0
14.0391167104364,9.60608138022996,0
14.0535329263184,9.58840589375048,0
14.0680024932741,9.57078049663884,0
14.0825252485832,9.55320511870191,0
14.0971010295254,9.53567968974657,0
14.1117296733806,9.51820413957969,0
14.1264110174286,9.50077839800814,0
14.1411448989492,9.4834023948388,0
14.1559311552221,9.46607605987855,0
14.1707696235272,9.44879932293424,0
14.1856601411442,9.43157211381277,0
14.200602545353,9.414394362321,0
14.2155966734333,9.39726599826581,0
14.2306423626648,9.38018695145407,0
14.2457394503275,9.36315715169265,0
14.2608877737011,9.34617652878843,0
14.2760871700654,9.32924501254829,0
14.2913374767002,9.31236253277909,0
14.3066385308852,9.29552901928771,0
14.3219901699003,9.27874440188102,0
14.3373922310253,9.26200861036591,0
14.3528445515399,9.24532157454923,0
14.368346968724,9.22868322423787,0
14.3838993198573,9.2120934892387,0
14.3995014422196,9.19555229935859,0
14.4151531730907,9.17905958440442,0
14.4308543497505,9.16261527418306,0
14.4466048094786,9.14621929850139,0
14.462404389555,9.12987158716627,0
14.4782529272593,9.11357206998458,0
14.4941502598714,9.09732067676321,0
14.5100962246711,9.08111733730901,0
14.5260906589381,9.06496198142887,0
14.5421333999523,9.04885453892965,0
14.5582242849934,9.03279493961823,0
14.5743631513413,9.01678311330149,0
14.5905498362757,9.0008189897863,0
14.6067841770764,8.98490249887953,0
14.6230660110233,8.96903357038806,0
14.639395175396,8.95321213411876,0
14.6557715074744,8.9374381198785,0
14.6721948445383,8.92171145747417,0
14.6886650238675,8.90603207671262,0
14.7051818827418,8.89039990740074,0
14.7217452584409,8.8748148793454,0
14.7383549882447,8.85927692235347,0
14.755010909433,8.84378596623183,0
14.7717128592854,8.82834194078735,0
14.7884606750819,8.81294477582691,0
14.8052541941023,8.79759440115737,0
14.8220932536262,8.78229074658562,0
14.8389776909336,8.76703374191853,0
14.8559073433041,8.75182331696297,0
14.8728820480177,8.7366594015258,0
14.889901642354,8.72154192541392,0
14.9069659635929,8.70647081843419,0
14.9240748490141,8.69144601039348,0
14.9412281358975,8.67646743109868,0
14.9584256615229,8.66153501035665,0
14.97566726317,8.64664867797426,0
14.9929527781187,8.63180836375839,0
15.0102820436486,8.61701399751593,0
15.0276548970397,8.60226550905373,0
15.0450711755717,8.58756282817867,0
15.0625307165244,8.57290588469763,0
15.0800333571776,8.55829460841747,0
15.097578934811,8.54372892914509,0
15.1151672867046,8.52920877668734,0
15.132798250138,8.5147340808511,0
15.1504716623911,8.50030477144324,0
15.1681873607436,8.48592077827065,0
15.1859451824754,8.47158203114019,0
15.2037449648662,8.45728845985874,0
15.2215865451958,8.44303999423317,0
15.2394697607441,8.42883656407035,0
15.2573944487907,8.41467809917716,0
15.2753604466156,8.40056452936047,0
15.2933675914984,8.38649578442716,0
15.3114157207191,8.3724717941841,0
15.3295046715573,8.35849248843816,0
15.3476342812929,8.34455779699622,0
15.3658043872057,8.33066764966515,0
15.3840148265754,8.31682197625183,0
15.4022654366818,8.30302070656312,0
15.4205560548048,8.28926377040591,0
15.4388865182242,8.27555109758707,0
15.4572566642196,8.26188261791346,0
15.475666330071,8.24825826119197,0
15.494115353058,8.23467795722948,0
15.5126035704606,8.22114163583283,0
15.5311308195585,8.20764922680893,0
15.5496969376314,8.19420065996464,0
15.5683017619592,8.18079586510682,0
15.5869451298217,8.16743477204238,0
15.6056268784986,8.15411731057815,0
15.6243468452698,8.14084341052104,0
15.643104867415,8.1276130016779,0
15.661900782214,8.11442601385561,0
15.6807344269467,8.10128237686106,0
15.6996056388928,8.0881820205011,0
15.7185142553321,8.07512487458261,0
15.7374601135444,8.06211086891248,0
15.7564430508095,8.04913993329756,0
15.7754629044071,8.03621199754475,0
15.7945195116172,8.0233269914609,0
15.8136127097194,8.01048484485289,0
15.8327423359936,7.9976854875276,0
15.8519082277195,7.9849288492919,0
15.871110222177,7.97221485995268,0
15.8903481566458,7.95954344931678,0
15.9096218684057,7.9469145471911,0
15.9289311947365,7.93432808338251,0
15.9482759729181,7.92178398769787,0
15.9676560402301,7.90928218994407,0
15.9870712339525,7.89682261992797,0
16.0065213913649,7.88440520745646,0
16.0260063497472,7.87202988233641,0
16.0455259463792,7.85969657437468,0
16.0650800185407,7.84740521337816,0
16.0846684035114,7.83515572915371,0
16.1042909385711,7.82294805150822,0
16.1239474609997,7.81078211024855,0
16.1436378080769,7.79865783518157,0
16.1633618170825,7.78657515611417,0
16.1831193252964,7.77453400285322,0
16.2029101699982,7.76253430520558,0
16.2227341884678,7.75057599297814,0
16.2425912179851,7.73865899597777,0
16.2624810958297,7.72678324401134,0
16.2824036592815,7.71494866688572,0
16.3023587456202,7.70315519440779,0
16.3223461921257,7.69140275638443,0
16.3423658360777,7.6796912826225,0
16.3624175147561,7.66802070292889,0
16.3825010654406,7.65639094711045,0
16.4026163254111,7.64480194497408,0
16.4227631319472,7.63325362632664,0
16.4429413223289,7.621745920975,0
16.4631507338359,7.61027875872605,0
16.4833912037479,7.59885206938664,0
16.5036625693448,7.58746578276366,0
16.5239646679064,7.57611982866399,0
16.5442973367125,7.56481413689449,0
16.5646604130428,7.55354863726204,0
16.5850537341772,7.54232325957351,0
16.6054771373954,7.53113793363578,0
16.6259304599773,7.51999258925572,0
16.6464135392026,7.5088871562402,0
16.6669262123511,7.49782156439611,0
16.6874683167026,7.4867957435303,0
16.7080396895369,7.47580962344966,0
16.7286401681338,7.46486313396105,0
16.7492695897731,7.45395620487136,0
16.7699277917345,7.44308876598747,0
16.790614611298,7.43226074711622,0
16.8113298857432,7.42147207806452,0
16.8320734523499,7.41072268863922,0
16.852845148398,7.40001250864721,0
16.8736448111672,7.38934146789535,0
16.8944722779373,7.37870949619052,0
16.9153273859882,7.3681165233396,0
16.9362099725996,7.35756247914945,0
16.9571198750513,7.34704729342695,0
16.9780569306231,7.33657089597899,0
16.9990209765947,7.32613321661242,0
17.0200118502461,7.31573418513412,0
17.0410293888569,7.30537373135097,0
17.062073429707,7.29505178506984,0
17.0831438100761,7.28476827609761,0
17.1042403672441,7.27452313424114,0
17.1253629384907,7.26431628930732,0
17.1465113610957,7.25414767110301,0
17.167685472339,7.24401720943509,0
17.1888851095003,7.23392483411044,0
17.2101101098594,7.22387047493592,0
17.231360310696,7.21385406171842,0
17.2526355492901,7.2038755242648,0
17.2739356629214,7.19393479238194,0
17.2952604888696,7.18403179587671,0
17.3166098644146,7.17416646455599,0
17.3379836268361,7.16433872822665,0
17.359381613414,7.15454851669557,0
17.3808036614281,7.14479575976961,0
17.4022496081581,7.13508038725565,0
17.4237192908837,7.12540232896057,0
17.445212546885,7.11576151469124,0
17.4667292134415,7.10615787425454,0
17.4882691278331,7.09659133745733,0
17.5098321273396,7.08706183410649,0
17.5314180492408,7.0775692940089,0
17.5530267308165,7.06811364697142,0
17.5746580093464,7.05869482280094,0
17.5963117221104,7.04931275130433,0
17.6179877063882,7.03996736228845,0
17.6396857994597,7.03065858556019,0
17.6614058386047,7.02138635092642,0
17.6831476611028,7.01215058819401,0
17.704911104234,7.00295122716983,0
17.726696005278,6.99378819766077,0
17.7485022015145,6.98466142947369,0
17.7703295302235,6.97557085241546,0
17.7921778286847,6.96651639629297,0
17.8140469341778,6.95749799091308,0
17.8359366839827,6.94851556608267,0
17.8578469153792,6.93956905160861,0
17.879777465647,6.93065837729778,0
17.901728172066,6.92178347295705,0
17.9236988719159,6.91294426839329,0
17.9456894024765,6.90414069341339,0
17.9676996010277,6.8953726778242,0
17.9897293048492,6.8866401514326,0
18.0117783512207,6.87794304404548,0
18.0338465774222,6.8692812854697,0
18.0559338207334,6.86065480551214,0
18.078039918434,6.85206353397967,0
18.1001647078039,6.84350740067916,0
18.1223080261229,6.83498633541749,0
18.1444697106707,6.82650026800153,0
18.1666495987272,6.81804912823816,0
18.1888475275721,6.80963284593425,0
18.2110633344852,6.80125135089667,0
18.2332968567464,6.79290457293231,0
18.2555479316354,6.78459244184802,0
18.277816396432,6.77631488745069,0
18.300102088416,6.76807183954718,0
18.3224048448672,6.75986322794438,0
18.3447245030653,6.75168898244916,0
18.3670609002903,6.74354903286838,0
18.3894138738218,6.73544330900893,0
18.4117832609396,6.72737174067768,0
18.4341688989237,6.7193342576815,0
18.4565706250536,6.71133078982727,0
18.4789882766093,6.70336126692186,0
18.5014216908705,6.69542561877214,0
18.523870705117,6.68752377518499,0
18.5463351566287,6.67965566596727,0
18.5688148826852,6.67182122092588,0
18.5913097205665,6.66402036986767,0
18.6138195075522,6.65625304259953,0
18.6363440809222,6.64851916892832,0
18.6588832779562,6.64081867866092,0
18.6814369359342,6.63315150160421,0
18.7040048921357,6.62551756756505,0
18.7265869838408,6.61791680635033,0
18.749183048329,6.61034914776691,0
18.7717929228803,6.60281452162167,0
18.7944164447744,6.59531285772149,0
18.8170534512911,6.58784408587323,0
18.8397037797103,6.58040813588377,0
18.8623672673116,6.57300493755999,0
18.8850437513749,6.56563442070876,0
18.90773306918,6.55829651513695,0
18.9304350580066,6.55099115065143,0
18.9531495551346,6.54371825705909,0
18.9758763978438,6.53647776416679,0
18.9986154234139,6.5292696017814,0
19.0213664691248,6.52209369970981,0
19.0441293722562,6.51494998775889,0
19.0669039700879,6.5078383957355,0
19.0896900998997,6.50075885344653,0
19.1124875989714,6.49371129069884,0
19.1352963045828,6.48669563729932,0
19.1581160540137,6.47971182305482,0
19.1809466845439,6.47275977777224,0
19.2037880334532,6.46583943125844,0
19.2266399380213,6.4589507133203,0
19.2495022355281,6.45209355376469,0
19.2723747632534,6.44526788239847,0
19.2952573584769,6.43847362902854,0
19.3181498584784,6.43171072346176,0
19.3410521005377,6.424979095505,0
19.3639639219347,6.41827867496515,0
19.386885159949,6.41160939164906,0
19.4098156518606,6.40497117536362,0
19.4327552349491,6.39836395591571,0
19.4557037464945,6.39178766311218,0
19.4786610237764,6.38524222675993,0
19.5016269040747,6.37872757666582,0
19.5246012246691,6.37224364263672,0
19.5475838228395,6.36579035447952,0
19.5705745358656,6.35936764200107,0
19.5935732010273,6.35297543500827,0
19.6165796556043,6.34661366330797,0
19.6395937368764,6.34028225670706,0
19.6626152821235,6.33398114501241,0
19.6856441286252,6.32771025803089,0
19.7086801136614,6.32146952556938,0
19.7317230745119,6.31525887743475,0
19.7547728484565,6.30907824343388,0
19.777829272775,6.30292755337363,0
19.8008921847471,6.29680673706088,0
19.8239614216527,6.29071572430251,0
19.8470368207715,6.28465444490539,0
19.8701182193833,6.27862282867639,0
19.893205454768,6.27262080542239,0
19.9162983642053,6.26664830495025,0
19.939396784975,6.26070525706687,0
19.962500554357,6.2547915915791,0
19.9856095096309,6.24890723829383,0
20.0087234880766,6.24305212701792,0
20.0318423269739,6.23722618755825,0
20.0549658636025,6.2314293497217,0
20.0780939352424,6.22566154331513,0
20.1012263791731,6.21992269814543,0
20.1243630326747,6.21421274401946,0
20.1475037330267,6.2085316107441,0
20.1706483175091,6.20287922812622,0
20.1937966234016,6.1972555259727,0
20.2169484879841,6.19166043409041,0
20.2401037485362,6.18609388228623,0
20.2632622423379,6.18055580036702,0
20.2864238066688,6.17504611813967,0
20.3095882788088,6.16956476541104,0
20.3327554960377,6.16411167198801,0
20.3559252956353,6.15868676767746,0
20.3790975148813,6.15328998228625,0
20.4022719910556,6.14792124562127,0
20.4254485614379,6.14258048748938,0
20.448627063308,6.13726763769746,0
20.4718073339458,6.13198262605238,0
20.494989210631,6.12672538236102,0
20.5181725306434,6.12149583643025,0
20.5413571312628,6.11629391806694,0
20.564542849769,6.11111955707798,0
20.5877295234417,6.10597268327022,0
20.6109169895609,6.10085322645055,0
20.6341050854062,6.09576111642584,0
20.6572936482575,6.09069628300296,0
20.6804825153945,6.08565865598879,0
20.7036715240971,6.08064816519021,0
20.726860511645,6.07566474041407,0
20.7500493153181,6.07070831146727,0
20.773237772396,6.06577880815667,0
20.7964257201587,6.06087616028914,0
20.8196129958859,6.05600029767157,0
20.8427994368573,6.05115115011082,0
20.8659848803529,6.04632864741376,0
20.8891691636523,6.04153271938728,0
20.9123521240355,6.03676329583825,0
20.935533598782,6.03202030657353,0
20.9587134251719,6.02730368140001,0
20.9818914404847,6.02261335012456,0
21.0050674820005,6.01794924255404,0
21.0282413869988,6.01331128849534,0
21.0514129927596,6.00869941775533,0
21.0745821365626,6.00411356014088,0
21.0977486556875,5.99955364545887,0
21.1209123874143,5.99501960351617,0
21.1440731690227,5.99051136411965,0
21.1672308377925,5.98602885707619,0
21.1903852310034,5.98157201219267,0
21.2135361859353,5.97714075927594,0
21.2366835398679,5.9727350281329,0
21.2598271300811,5.96835474857041,0
21.2829667938547,5.96399985039535,0
21.3061023684684,5.95967026341458,0
21.329233691202,5.955365917435,0
21.3523605993353,5.95108674226346,0
21.3754829301481,5.94683266770684,0
21.3986005209202,5.94260362357202,0
21.4217132089315,5.93839953966587,0
21.4448208314616,5.93422034579526,0
21.4679232257903,5.93006597176707,0
21.4910202291976,5.92593634738817,0
21.5141116789631,5.92183140246544,0
21.5371974123667,5.91775106680574,0
21.5602772666881,5.91369527021596,0
21.5833510792071,5.90966394250297,0
21.6064186872036,5.90565701347363,0
21.6294799279572,5.90167441293483,0
21.6525346387479,5.89771607069344,0
21.6755826568554,5.89378191655633,0
21.6986238195595,5.88987188033038,0
21.72165796414,5.88598589182245,0
21.7446849278767,5.88212388083943,0
21.7677045480493,5.87828577718819,0
21.7907166619377,5.8744715106756,0
21.8137211068216,5.87068101110853,0
21.8367177199809,5.86691420829387,0
21.8597063386953,5.86317103203847,0
21.8826868002447,5.85945141214922,0
21.9056589419087,5.85575527843299,0
21.9286226009673,5.85208256069666,0
21.9515776147002,5.84843318874709,0
21.9745238203872,5.84480709239117,0
21.9974610553081,5.84120420143576,0
22.0203891567426,5.83762444568774,0
22.0433079619707,5.83406775495399,0
22.066217308272,5.83053405904137,0
22.0891170329263,5.82702328775676,0
22.1120069732135,5.82353537090704,0
22.1348869664134,5.82007023829907,0
22.1577568498056,5.81662781973974,0
22.1806164606701,5.81320804503591,0
22.2034656362866,5.80981084399447,0
22.226304213935,5.80643614642228,0
22.2491320308949,5.80308388212621,0
22.2719489244462,5.79975398091315,0
22.2947547318687,5.79644637258997,0
22.3175492904421,5.79316098696353,0
22.3403324374464,5.78989775384072,0
22.3631040101612,5.7866566030284,0
22.3858638458663,5.78343746433345,0
22.4086117818416,5.78024026756275,0
22.4313476553668,5.77706494252317,0
22.4540713037217,5.77391141902158,0
22.4767825641862,5.77077962686485,0
22.49948127404,5.76766949585987,0
22.5221672705629,5.76458095581349,0
22.5448403910346,5.76151393653261,0
22.5675004727351,5.75846836782409,0
22.590147352944,5.7554441794948,0
22.6127808689412,5.75244130135162,0
22.6354008580065,5.74945966320143,0
22.6580071574196,5.74649919485109,0
22.6805996044603,5.74355982610748,0
22.7031780364085,5.74064148677748,0
22.7257422905439,5.73774410666795,0
22.7482922041464,5.73486761558578,0
22.7708276144956,5.73201194333783,0
22.7933483588715,5.72917701973099,0
22.8158542745537,5.72636277457211,0
22.8383451988222,5.72356913766808,0
22.8608209689566,5.72079603882578,0
22.8832814222368,5.71804340785207,0
22.9057263959426,5.71531117455383,0
22.9281557273537,5.71259926873793,0
22.9505692537499,5.70990762021125,0
22.9729668124111,5.70723615878065,0
22.995348240617,5.70458481425303,0
23.0177133756475,5.70195351643524,0
23.0400620547823,5.69934219513416,0
23.0623941153011,5.69675078015667,0
23.0847093944839,5.69417920130963,0
23.1070077296104,5.69162738839993,0
23.1292889579603,5.68909527123444,0
23.1515529168135,5.68658277962003,0
23.1737994434498,5.68408984336357,0
23.1960283751489,5.68161639227194,0
23.2182395491907,5.67916235615202,0
23.2404328028549,5.67672766481067,0
23.2626079734214,5.67431224805477,0
23.2847648981699,5.6719160356912,0
23.3069034143802,5.66953895752682,0
23.3290233593321,5.66718094336851,0
23.3511245703054,5.66484192302315,0
23.3732068845799,5.66252182629761,0
23.3952701394354,5.66022058299876,0
23.4173141721517,5.65793812293348,0
23.4393388200085,5.65567437590864,0
23.4613439202857,5.65342927173112,0
23.483329310263,5.65120274020778,0
23.5052948272203,5.6489947111455,0
23.5272403084373,5.64680511435117,0
23.5491655911939,5.64463387963164,0
23.5710705127698,5.64248093679379,0
23.5929549104447,5.6403462156445,0
23.6148186214986,5.63822964599065,0
23.6366614832112,5.6361311576391,0
23.6584833328623,5.63405068039673,0
23.6802840077316,5.63198814407041,0
23.702063345099,5.62994347846701,0
23.7238211822443,5.62791661339342,0
23.7455573564472,5.62590747865651,0
23.7672717049876,5.62391600406314,0
23.7889640651452,5.62194211942019,0
23.8106342741999,5.61998575453454,0
23.8322821694313,5.61804683921306,0
23.8539075881194,5.61612530326262,0
23.8755103675439,5.6142210764901,0
23.8970903449846,5.61233408870237,0
23.9186473577212,5.6104642697063,0
23.9401812430337,5.60861154930878,0
23.9616918382017,5.60677585731667,0
23.9831789805051,5.60495712353684,0
24.0046425072236,5.60315527777617,0
24.0260822556371,5.60137024984154,0
24.0474980630254,5.59960196953982,0
24.0688897666681,5.59785036667788,0
24.0902572038452,5.59611537106259,0
24.1116002118364,5.59439691250083,0
24.1329186279215,5.59269492079948,0
24.1542122893803,5.5910093257654,0
24.1754810334926,5.58934005720548,0
24.1967246975382,5.58768704492658,0
24.2179431187969,5.58605021873558,0
24.2391361345484,5.58442950843935,0
24.2603035820726,5.58282484384476,0
24.2814452986492,5.5812361547587,0
24.3025611215581,5.57966337098803,0
24.323650888079,5.57810642233963,0
24.3447144354918,5.57656523862037,0
24.3657516010761,5.57503974963713,0
24.3867622221119,5.57352988519677,0
24.4077461358789,5.57203557510618,0
24.4287031796568,5.57055674917222,0
24.4496331907256,5.56909333720178,0
24.4705360063649,5.56764526900172,0
24.4914114638546,5.56621247437892,0
24.5122594004744,5.56479488314025,0
24.5330796535043,5.56339242509259,0
24.5538720602238,5.5620050300428,0
24.5746364579129,5.56063262779778,0
24.5953726838513,5.55927514816437,0
24.6160805753189,5.55793252094947,0
24.6367599695953,5.55660467595995,0
24.6574107039605,5.55529154300267,0
24.6780326156941,5.55399305188452,0
24.6986255420761,5.55270913241236,0
24.7191893203861,5.55143971439308,0
24.739723787904,5.55018472763354,0
24.7602287819095,5.54894410194061,0
24.7807041396825,5.54771776712118,0
24.8011496985028,5.54650565298212,0
24.8215652956501,5.54530768933029,0
24.8419507684042,5.54412380597258,0
24.862305954045,5.54295393271586,0
24.8826306898521,5.54179799936699,0
24.9029248131055,5.54065593573286,0
24.9231881610849,5.53952767162034,0
24.94342057107,5.53841313683631,0
24.9636218803408,5.53731226118763,0
24.9837919261769,5.53622497448118,0
25.0039305458582,5.53515120652383,0
25.0240375766644,5.53409088712246,0
25.0441128558754,5.53304394608395,0
25.0641562207709,5.53201031321516,0
25.0841675086308,5.53098991832297,0
25.1041465567348,5.52998269121425,0
25.1240932023627,5.52898856169588,0
25.1440072827943,5.52800745957473,0
25.1638886353094,5.52703931465768,0
25.1837370971878,5.52608405675159,0
25.2035525057093,5.52514161566335,0
25.2233346981537,5.52421192119982,0
25.2430835118007,5.52329490316788,0
25.2627987839302,5.52239049137441,0
25.282480351822,5.52149861562627,0
25.3021280527558,5.52061920573035,0
25.3217417240114,5.51975219149351,0
25.3413212028687,5.51889750272263,0
25.3608663266074,5.51805506922459,0
25.3803769325072,5.51722482080625,0
25.3998528578481,5.51640668727449,0
25.4192939399098,5.51560059843619,0
25.4387000159721,5.51480648409821,0
25.4580709233147,5.51402427406744,0
25.4774064992176,5.51325389815074,0
25.4967065809603,5.51249528615499,0
25.5159710058229,5.51174836788707,0
25.535199611085,5.51101307315384,0
25.5543922340264,5.51028933176219,0
25.5735487119269,5.50957707351898,0
25.5926688820664,5.50887622823109,0
25.6117525817246,5.50818672570539,0
25.6307996481813,5.50750849574876,0
25.6498099187163,5.50684146816807,0
25.6687832306094,5.5061855727702,0
25.6877194211403,5.50554073936201,0
25.706618327589,5.50490689775039,0
25.7254797872351,5.5042839777422,0
25.7443036373584,5.50367190914432,0
25.7630897152388,5.50307062176362,0
25.7818378581561,5.50248004540698,0
25.80054790339,5.50190010988128,0
25.8192196882202,5.50133074499337,0
25.8378530499268,5.50077188055015,0
25.8564478257893,5.50022344635848,0
25.8750038530876,5.49968537222524,0
25.8935209691015,5.49915758795729,0
25.9119990111108,5.49864002336152,0
25.9304378163953,5.4981326082448,0
25.9488372222348,5.497635272414,0
25.9671970659089,5.497147945676,0
25.9855171846977,5.49667055783766,0
26.0037974158808,5.49620303870587,0
26.022037596738,5.49574531808749,0
26.0402375645492,5.49529732578941,0
26.0583971565941,5.49485899161849,0
26.0765162101524,5.49443024538161,0
26.0945945625041,5.49401101688564,0
26.1126320509289,5.49360123593746,0
26.1306285127066,5.49320083234394,0
26.1485837851169,5.49280973591195,0
26.1664977054397,5.49242787644837,0
26.1843701109548,5.49205518376008,0
26.2022008389419,5.49169158765393,0
26.2199897266809,5.49133701793682,0
26.2377366114515,5.49099140441561,0
26.2554413305335,5.49065467689718,0
26.2731037212068,5.4903267651884,0
26.2907236207511,5.49000759909614,0
26.3083008664462,5.48969710842728,0
26.3258352955718,5.48939522298869,0
26.3433267454079,5.48910187258725,0
26.3607750532341,5.48881698702983,0
26.3781800563303,5.4885404961233,0
26.3955415919763,5.48827232967454,0
26.4128594974518,5.48801241749042,0
26.4301336100367,5.48776068937782,0
26.4473637670107,5.48751707514361,0
26.4645498056537,5.48728150459465,0
26.4816915632454,5.48705390753784,0
26.4987888770656,5.48683421378004,0
26.515841584394,5.48662235312812,0
26.5328495225106,5.48641825538896,0
26.5498125286951,5.48622185036943,0
26.5667304402273,5.4860330678764,0
26.5836030943869,5.48585183771676,0
26.6004303284538,5.48567808969737,0
26.6172119797078,5.48551175362511,0
26.6339478854286,5.48535275930684,0
26.6506378828961,5.48520103654946,0
26.66728180939,5.48505651515982,0
26.6838795021901,5.48491912494481,0
26.7004307985762,5.48478879571129,0
26.7169355358281,5.48466545726614,0
26.7333935512257,5.48454903941623,0
26.7498046820486,5.48443947196845,0
26.7661687655767,5.48433668472965,0
26.7824856390898,5.48424060750672,0
26.7987551398677,5.48415117010653,0
26.8149771051901,5.48406830233596,0
26.8311513723369,5.48399193400187,0
26.8472777785878,5.48392199491114,0
26.8633561612227,5.48385841487065,0
26.8793863575213,5.48380112368727,0
26.8953682047634,5.48375005116786,0
26.9113015402288,5.48370512711932,0
26.9271862011973,5.4836662813485,0
26.9430220249487,5.48363344366229,0
26.9588088487628,5.48360654386756,0
26.9745465099194,5.48358551177118,0
26.9902348456983,5.48357027718002,0
27.0058736933792,5.48356076990096,0
27.0214628902419,5.48355691974088,0
27.0370022735664,5.48355865650664,0
27.0524916806322,5.48356591000512,0
27.0679309487193,5.4835786100432,0
27.0833199151074,5.48359668642775,0
27.0986584170763,5.48362006896564,0
27.1139462919058,5.48364868746374,0
27.1291833768758,5.48368247172894,0
27.1443695092659,5.48372135156809,0
27.159504526356,5.48376525678809,0
27.1745882654258,5.4838141171958,0
27.1896205637553,5.48386786259809,0
27.2046012586241,5.48392642280184,0
27.219530187312,5.48398972761392,0
27.2344071870989,5.48405770684122,0
27.2492320952645,5.48413029029059,0
27.2640047490886,5.48420740776891,0
27.2787249858511,5.48428898908307,0
27.2933926428316,5.48437496403992,0
27.3080075573101,5.48446526244636,0
27.3225695665662,5.48455981410924,0
27.3370785078799,5.48465854883545,0
27.3515342185308,5.48476139643185,0
27.3659365357988,5.48486828670532,0
27.3802852969636,5.48497914946274,0
27.3945803393051,5.48509391451098,0
27.408821500103,5.48521251165691,0
27.4230086166372,5.48533487070741,0
27.4371415261874,5.48546092146934,0
27.4512200660334,5.48559059374959,0
27.465244073455,5.48572381735503,0
27.479213385732,5.48586052209254,0
27.4931278401442,5.48600063776897,0
27.5069872739714,5.48614409419122,0
27.5207915244934,5.48629082116615,0
27.53454042899,5.48644074850064,0
27.5482338247409,5.48659380600155,0
27.5618715490259,5.48674992347578,0
27.575453439125,5.48690903073018,0
27.5889793323177,5.48707105757163,0
27.602449065884,5.48723593380701,0
27.6158624771036,5.48740358924319,0
27.6292194032563,5.48757395368705,0
27.6425196816219,5.48774695694545,0
27.6557631494802,5.48792252882527,0
27.668949644111,5.48810059913339,0
27.6820790027941,5.48828109767668,0
27.6951510628093,5.48846395426201,0
27.7081656614363,5.48864909869626,0
27.721122635955,5.4888364607863,0
27.7340218236451,5.489025970339,0
27.7468630617864,5.48921755716124,0
27.7596461876588,5.4894111510599,0
27.772371038542,5.48960668184184,0
27.7850374517159,5.48980407931394,0
27.7976452644601,5.49000327328307,0
27.8101943140545,5.49020419355611,0
27.822684437779,5.49040676993993,0
27.8351154729132,5.49061093224141,0
27.847487256737,5.49081661026742,0
27.8597996265301,5.49102373382483,0
27.8720524195724,5.49123223272052,0
27.8842454731437,5.49144203676135,0
27.8963786245237,5.49165307575422,0
27.9084517109922,5.49186527950598,0
27.9204645698291,5.49207857782351,0
27.932417038314,5.49229290051369,0
27.9443089537269,5.49250817738338,0
27.9561401533475,5.49272433823947,0
27.9679104744556,5.49294131288883,0
27.979619754331,5.49315903113833,0
27.9912678302534,5.49337742279485,0
28.0028545395027,5.49359641766525,0
28.0143797193587,5.49381594555642,0
28.0258432071011,5.49403593627522,0
28.0372448400098,5.49425631962853,0
28.0485844553645,5.49447702542323,0
28.059861890445,5.49469798346618,0
28.0710769825312,5.49491912356427,0
28.0822295689027,5.49514037552436,0
28.0933194868395,5.49536166915334,0
28.1043465736213,5.49558293425806,0
28.1153106665278,5.49580410064541,0
28.126211602839,5.49602509812227,0
28.1370492198345,5.49624585649549,0
28.1478233547941,5.49646630557197,0
28.1585338449977,5.49668637515857,0
28.1691805277251,5.49690599506217,0
28.179763240256,5.49712509508963,0
28.1902818198703,5.49734360504784,0
28.2007361038476,5.49756145474367,0
28.2111259294679,5.49777857398399,0
28.2214511340108,5.49799489257567,0
28.2317115547563,5.49821034032559,0
28.2419070289841,5.49842484704063,0
28.2520373939739,5.49863834252766,0
28.2621024870057,5.49885075659354,0
28.272102145359,5.49906201904516,0
28.2820362063139,5.49927205968939,0
28.29190450715,5.4994808083331,0
28.3017068851471,5.49968819478316,0
28.3114431775851,5.49989414884646,0
28.3211132217437,5.50009860032986,0
28.3307168549027,5.50030147904023,0
28.3402539143419,5.50050271478446,0
28.3497242373411,5.50070223736942,0
28.3591276611801,5.50089997660197,0
28.3684640231387,5.50109586228899,0
28.3777331604966,5.50128982423737,0
28.3869349105338,5.50148179225396,0
28.3960691105299,5.50167169614565,0
28.4051355977647,5.5018594657193,0
28.4141342095181,5.5020450307818,0
28.4230647830698,5.50222832114001,0
28.4319271556997,5.50240926660082,0
28.4407211646874,5.50258779697108,0
28.4494466473129,5.50276384205769,0
28.4581034408559,5.5029373316675,0
28.4666913825962,5.5031081956074,0
28.4752103098135,5.50327636368426,0
28.4836600597878,5.50344176570495,0
28.4920404697987,5.50360433147635,0
28.5003513771261,5.50376399080533,0
28.5085926190497,5.50392067349876,0
28.5167640328493,5.50407430936352,0
28.5248654558049,5.50422482820648,0
28.532896725196,5.50437215983452,0
28.5408576783026,5.50451623405451,0
28.5487481524043,5.50465698067332,0
28.5565679847811,5.50479432949783,0
28.5643170127127,5.5049282103349,0
28.5719950734788,5.50505855299143,0
28.5796020043594,5.50518528727427,0
28.5871376426341,5.50530834299031,0
28.5946018255828,5.50542764994641,0
28.6019943904852,5.50554313794945,0
28.6093151746212,5.5056547368063,0
28.6165640152705,5.50576237632385,0
28.623740749713,5.50586598630895,0
28.6308452152283,5.50596549656849,0
28.6378772490964,5.50606083690934,0
28.644836688597,5.50615193713837,0
28.6517233710099,5.50623872706246,0
28.6585371336149,5.50632113648848,0
28.6652778136918,5.5063990952233,0
28.6719452485203,5.50647253307381,0
28.6785392753804,5.50654137984686,0
28.6850597315516,5.50660556534934,0
28.691506454314,5.50666501938812,0
28.6978792809471,5.50671967177008,0
28.7041780487309,5.50676945230208,0
28.7104025949451,5.506814290791,0
28.7165527568696,5.50685411704372,0
28.722628371784,5.50688886086711,0
28.7286292769683,5.50691845206804,0
28.7345553097021,5.50694282045339,0
28.7404063072654,5.50696189583003,0
28.7461821069378,5.50697560800483,0
28.7518825459992,5.50698388678467,0
28.7575074617293,5.50698666197642,0
