30.9357202088639,0,0
30.9429506188512,0.172143671960665,0
30.9489821105997,0.344400361899382,0
30.9538048843904,0.51676379892479,0
30.9574149330718,0.68922756422473,0
30.9598096415099,0.861785164571362,0
30.9609870406136,1.03443005706779,0
30.9609455387512,1.20715566153289,0
30.9596837969307,1.37995536785266,0
30.9572006616503,1.55282254082101,0
30.9534951250915,1.72575052356443,0
30.9485662998168,1.89873264009777,0
30.9424134018156,2.07176219731303,0
30.9350357386652,2.24483248658016,0
30.9264327009818,2.41793678507219,0
30.916603756077,2.59106835688833,0
30.9055484431398,2.76422045402539,0
30.8932663695056,2.93738631723257,0
30.8797572077174,3.11055917677522,0
30.865020693177,3.28373225312609,0
30.8490566222424,3.45689875759832,0
30.8318648506705,3.63005189293087,0
30.8134452923271,3.80318485383463,0
30.7937979181105,3.97629082750599,0
30.7729227550434,4.14936299411292,0
30.7508198855034,4.32239452725789,0
30.7274894465639,4.49537859442102,0
30.7029316294266,4.66830835738616,0
30.6771466789309,4.84117697265246,0
30.6501348931252,5.01397759183316,0
30.6218966228915,5.18670336204324,0
30.5924322716148,5.35934742627751,0
30.5617422948894,5.53190292377995,0
30.5298272002579,5.70436299040565,0
30.4966875469774,5.87672075897599,0
30.4623239458083,6.04896935962779,0
30.4267370588243,6.22110192015729,0
30.3899275992387,6.39311156635911,0
30.3518963312458,6.5649914223612,0
30.3126440698758,6.73673461095566,0
30.2721716808598,6.90833425392619,0
30.2304800805048,7.07978347237239,0
30.1875702355778,7.25107538703107,0
30.1434431631954,7.42220311859501,0
30.0980999307213,7.59315978802933,0
30.0515416556684,7.76393851688558,0
30.0037695056052,7.93453242761387,0
29.9547846980669,8.10493464387315,0
29.9045885004694,8.27513829083975,0
29.8531822300261,8.44513649551434,0
29.8005672536678,8.61492238702744,0
29.7467449879636,8.78448909694353,0
29.6917168990441,8.95382975956394,0
29.6354845025259,9.12293751222851,0
29.5780493634371,9.29180549561615,0
29.5194130961433,9.46042685404439,0
29.4595773642746,9.62879473576795,0
29.3985438806525,9.7969022932763,0
29.3363144072176,9.96474268359046,0
29.2728907549566,10.1323090685589,0
29.2082747838292,10.2995946151528,0
29.1424684026958,10.4665924957603,0
29.075473569243,10.6332958884801,0
29.00729228991,10.7996979774147,0
28.9379266198136,10.9657919529626,0
28.8673786626732,11.1315710121101,0
28.7956505707339,11.2970283587221,0
28.7227445446895,11.4621572038329,0
28.6486628336047,11.626950765936,0
28.5734077348351,11.7914022712734,0
28.496981593948,11.9555049541247,0
28.4193868046398,12.1192520570949,0
28.3406258086542,12.2826368314025,0
28.2607010956978,12.4456525371666,0
28.1796152033553,12.6082924436938,0
28.0973707170025,12.7705498297639,0
28.0139702697188,12.9324179839165,0
27.9294165421977,13.0938902047353,0
27.8437122626563,13.2549598011336,0
27.7568602067427,13.4156200926379,0
27.6688631974428,13.5758644096723,0
27.5797241049848,13.7356860938412,0
27.4894458467426,13.8950784982126,0
27.3980313871375,14.0540349876002,0
27.3054837375384,14.2125489388449,0
27.2118059561606,14.3706137410969,0
27.1170011479621,14.5282227960957,0
27.0210724645399,14.6853695184513,0
26.924023104023,14.8420473359232,0
26.8258563109647,14.9982496897006,0
26.7265753762332,15.1539700346805,0
26.6261836369001,15.3092018397466,0
26.5246844761279,15.4639385880471,0
26.422081323055,15.6181737772716,0
26.3183776526795,15.7719009199283,0
26.2135769857415,15.9251135436201,0
26.1076828886032,16.0778051913206,0
26.0006989731275,16.2299694216489,0
25.8926288965552,16.3815998091445,0
25.7834763613799,16.5326899445413,0
25.6732451152215,16.6832334350411,0
25.5619389506981,16.8332239045869,0
25.4495617052961,16.9826549941349,0
25.3361172612381,17.1315203619265,0
25.2216095453499,17.2798136837593,0
25.1060425289251,17.4275286532581,0
24.9894202275883,17.5746589821448,0
24.8717467011566,17.7211984005075,0
24.7530260534987,17.8671406570697,0
24.6332624323937,18.0124795194582,0
24.5124600293862,18.1572087744708,0
24.3906230796417,18.3013222283429,0
24.2677558617989,18.4448137070141,0
24.1438626978202,18.5876770563935,0
24.0189479528421,18.7299061426244,0
23.8930160350214,18.871494852349,0
23.766071395382,19.0124370929714,0
23.6381185276584,19.152726792921,0
23.5091619681383,19.2923579019138,0
23.3792062955031,19.4313243912145,0
23.2482561306669,19.5696202538968,0
23.1163161366134,19.7072395051035,0
22.9833910182319,19.8441761823054,0
22.8494855221506,19.9804243455601,0
22.7146044365691,20.1159780777694,0
22.5787525910881,20.250831484936,0
22.4419348565388,20.3849786964203,0
22.3041561448096,20.5184138651948,0
22.1654214086712,20.6511311680994,0
22.0257356416005,20.7831248060945,0
21.8851038776023,20.9143890045144,0
21.7435311910297,21.0449180133188,0
21.6010226964027,21.1747061073444,0
21.4575835482249,21.3037475865551,0
21.3132189407991,21.4320367762917,0
21.1679341080406,21.5595680275201,0
21.0217343232892,21.6863357170793,0
20.8746248991198,21.8123342479286,0
20.7266111871507,21.9375580493928,0
20.5776985778508,22.0620015774079,0
20.427892500345,22.185659314765,0
20.277198422218,22.3085257713534,0
20.1256218493164,22.4305954844031,0
19.9731683255494,22.5518630187261,0
19.8198434326876,22.6723229669565,0
19.6656527901604,22.79196994979,0
19.510602054852,22.9107986162228,0
19.3546969208952,23.0288036437884,0
19.1979431194642,23.1459797387942,0
19.0403464185657,23.2623216365573,0
18.8819126228284,23.3778241016386,0
18.7226475732907,23.4924819280761,0
18.5625571471872,23.6062899396179,0
18.4016472577336,23.7192429899526,0
18.2399238539098,23.8313359629403,0
18.0773929202418,23.9425637728416,0
17.9140604765819,24.0529213645458,0
17.7499325778875,24.1624037137976,0
17.5850153139982,24.2710058274237,0
17.4193148094114,24.3787227435571,0
17.2528372230569,24.4855495318613,0
17.0855887480693,24.5914812937524,0
16.9175756115594,24.6965131626214,0
16.7488040743839,24.8006403040537,0
16.579280430914,24.9038579160492,0
16.409011008802,25.0061612292397,0
16.2380021687469,25.1075455071059,0
16.0662603042583,25.2080060461936,0
15.893791841419,25.3075381763278,0
15.7206032386464,25.406137260826,0
15.5467009864519,25.503798696711,0
15.3720916071994,25.6005179149208,0
15.1967816548623,25.6962903805194,0
15.020777714779,25.7911115929046,0
14.8440864034072,25.8849770860154,0
14.6667143680767,25.977882428538,0
14.4886682867405,26.0698232241108,0
14.3099548677257,26.1607951115275,0
14.1305808494816,26.2507937649397,0
13.9505530003274,26.3398148940573,0
13.7698781181984,26.4278542443486,0
13.5885630303906,26.5149075972385,0
13.4066145933045,26.6009707703054,0
13.2240396921871,26.6860396174771,0
13.0408452408728,26.7701100292248,0
12.8570381815234,26.8531779327567,0
12.6726254843661,26.9352392922092,0
12.4876141474308,27.0162901088374,0
12.3020111962859,27.0963264212041,0
12.1158236837734,27.1753443053674,0
11.9290586897415,27.2533398750671,0
11.7417233207777,27.330309281909,0
11.5538247099392,27.406248715549,0
11.3653700164828,27.4811544038749,0
11.1763664255938,27.5550226131865,0
10.9868211481132,27.6278496483759,0
10.796741420264,27.6996318531042,0
10.6061345033764,27.7703656099785,0
10.4150076836118,27.8400473407267,0
10.2233682716854,27.9086735063705,0
10.0312236025883,27.9762406073981,0
9.83858103530772,28.0427451839341,0
9.64544795254664,28.1081838159091,0
9.45183176044231,28.1725531232265,0
9.25773988828339,28.2358497659295,0
9.0631797882263,28.2980704443648,0
8.86815893501034,28.3592118993463,0
8.67268482567183,28.4192709123163,0
8.4767649792572,28.4782443055055,0
8.28040693653506,28.5361289420918,0
8.08361825970719,28.5929217263569,0
7.88640653211864,28.648619603842,0
7.68877935796666,28.7032195615015,0
7.49074436200885,28.7567186278552,0
7.29230918927013,28.8091138731392,0
7.09348150474893,28.8604024094553,0
6.89426899312226,28.9105813909179,0
6.69467935845001,28.9596480138007,0
6.49472032387813,29.0075995166806,0
6.29439963134106,29.0544331805808,0
6.09372504126317,29.1001463291118,0
5.89270433225929,29.1447363286111,0
5.69134530083439,29.188200588281,0
5.4896557610824,29.2305365603252,0
5.28764354438411,29.2717417400832,0
5.08531649910427,29.3118136661633,0
4.88268249028784,29.3507499205743,0
4.67974939935542,29.3885481288551,0
4.4765251237978,29.4252059602027,0
4.27301757686984,29.4607211275986,0
4.06923468728337,29.4950913879338,0
3.86518439889957,29.5283145421313,0
3.66087467042026,29.5603884352682,0
3.45631347507872,29.5913109566947,0
3.2515088003296,29.6210800401527,0
3.04646864753815,29.6496936638915,0
2.84120103166876,29.6771498507826,0
2.63571398097268,29.7034466684328,0
2.4300155366752,29.7285822292949,0
2.22411375266204,29.7525546907772,0
2.01801669516506,29.7753622553514,0
1.81173244244739,29.7970031706585,0
1.60526908448787,29.8174757296125,0
1.39863472266479,29.8367782705034,0
1.19183746943914,29.8549091770976,0
0.98488544803714,29.871866878737,0
0.777786792132201,29.8876498504357,0
0.570549645526336,29.9022566129759,0
0.363182161830954,29.9156857330014,0
0.155692504147109,29.927935823109,0
-0.0519111552548011,29.9390055419391,0
-0.259620635255877,29.9488935942635,0
-0.46742774621005,29.9575987310721,0
-0.675324290265996,29.9651197496575,0
-0.883302061689482,29.9714554936976,0
-1.09135284718622,29.9766048533372,0
-1.29946842622521,29.9805667652663,0
-1.50764057136253,29.9833402127987,0
-1.71586104856553,29.9849242259462,0
-1.92412161753758,29.9853178814936,0
-2.13241403204312,29.9845203030696,0
-2.34073004023315,29.9825306612178,0
-2.54906138497121,29.979348173464,0
-2.75739980415954,29.9749721043832,0
-2.96573703106585,29.9694017656641,0
-3.17406479465031,29.9626365161714,0
-3.38237481989286,29.9546757620071,0
-3.59065882812097,29.9455189565691,0
-3.79890853733762,29.9351656006085,0
-4.0071156625496,29.9236152422848,0
-4.21527191609619,29.9108674772191,0
-4.42336900797798,29.8969219485459,0
-4.63139864618611,29.8817783469625,0
-4.83935253703159,29.8654364107767,0
-5.04722238547504,29.8478959259526,0
-5.25499989545657,29.8291567261549,0
-5.46267677022585,29.8092186927904,0
-5.67024471267243,29.7880817550489,0
-5.87769542565623,29.7657458899405,0
-6.08502061233825,29.742211122333,0
-6.29221197651132,29.7174775249857,0
-6.4992612229312,29.6915452185819,0
-6.70616005764759,29.6644143717602,0
-6.91290018833544,29.6360852011424,0
-7.1194733246263,29.6065579713612,0
-7.32587117843976,29.5758329950842,0
-7.53208546431497,29.5439106330377,0
-7.73810789974229,29.510791294027,0
-7.94393020549493,29.4764754349565,0
-8.14954410596065,29.4409635608458,0
-8.35494132947352,29.4042562248459,0
-8.56011360864568,29.3663540282522,0
-8.76505268069907,29.3272576205157,0
-8.96975028779725,29.2869676992531,0
-9.17419817737705,29.2454850102536,0
-9.37838810248033,29.2028103474853,0
-9.5823118220856,29.1589445530982,0
-9.78596110143963,29.1138885174264,0
-9.98932771238894,29.0676431789878,0
-10.1924034337112,29.0202095244817,0
-10.3951800514467,28.971588588785,0
-10.5976493592292,28.9217814549463,0
-10.7998031586174,28.8707892541775,0
-11.0016332594259,28.818613165844,0
-11.2031314800555,28.7652544174531,0
-11.4042896478242,28.71071428464,0
-11.6050995992976,28.6549940911518,0
-11.8055531806191,28.5980952088301,0
-12.0056422478398,28.5400190575913,0
-12.2053586672486,28.4807671054047,0
-12.4046943157015,28.4203408682692,0
-12.6036410809509,28.3587419101875,0
-12.8021908619749,28.295971843139,0
-13.000335569306,28.2320323270498,0
-13.1980671253595,28.1669250697617,0
-13.3953774647617,28.100651826999,0
-13.5922585346779,28.0332144023324,0
-13.7887022951399,27.9646146471428,0
-13.9847007193732,27.8948544605812,0
-14.1802457941239,27.8239357895279,0
-14.375329519985,27.7518606285495,0
-14.5699439117229,27.6786310198535,0
-14.7640809986027,27.6042490532413,0
-14.9577328247138,27.5287168660596,0
-15.1508914492945,27.4520366431489,0
-15.3435489470569,27.3742106167909,0
-15.5356974085103,27.2952410666538,0
-15.7273289402853,27.2151303197352,0
-15.9184356654566,27.1338807503034,0
-16.1090097238656,27.0514947798368,0
-16.2990432724424,26.9679748769615,0
-16.4885284855278,26.883323557386,0
-16.6774575551937,26.7975433838354,0
-16.865822691564,26.7106369659826,0
-17.0536161231345,26.6226069603777,0
-17.2408300970924,26.5334560703762,0
-17.4274568796347,26.443187046064,0
-17.6134887562869,26.3518026841817,0
-17.7989180322204,26.2593058280461,0
-17.9837370325692,26.1656993674702,0
-18.167938102747,26.0709862386813,0
-18.351513608762,25.9751694242368,0
-18.5344559375327,25.8782519529384,0
-18.7167574972019,25.7802368997441,0
-18.8984107174507,25.681127385679,0
-19.0794080498111,25.5809265777428,0
-19.2597419679786,25.4796376888169,0
-19.4394049681238,25.3772639775684,0
-19.6183895692031,25.2738087483531,0
-19.7966883132688,25.1692753511158,0
-19.9742937657785,25.0636671812894,0
-20.1511985159039,24.9569876796911,0
-20.327395176838,24.8492403324182,0
-20.5028763861026,24.7404286707406,0
-20.6776348058543,24.6305562709919,0
-20.8516631231898,24.519626754459,0
-21.0249540504506,24.407643787269,0
-21.1975003255262,24.2946110802751,0
-21.3692947121576,24.1805323889398,0
-21.5403300002385,24.0654115132171,0
-21.7105990061169,23.9492522974315,0
-21.880094572895,23.8320586301567,0
-22.0488095707284,23.7138344440915,0
-22.2167368971244,23.5945837159336,0
-22.3838694772395,23.4743104662524,0
-22.5502002641758,23.3530187593592,0
-22.7157222392763,23.230712703176,0
-22.8804284124195,23.107396449102,0
-23.0443118223128,22.9830741918789,0
-23.2073655367853,22.8577501694536,0
-23.3695826530788,22.7314286628397,0
-23.5309562981388,22.6041139959766,0
-23.6914796289034,22.4758105355873,0
-23.8511458325921,22.3465226910343,0
-24.0099481269929,22.216254914173,0
-24.1678797607487,22.0850116992041,0
-24.3249340136423,21.952797582524,0
-24.4811041968807,21.8196171425732,0
-24.6363836533777,21.6854749996826,0
-24.7907657580363,21.5503758159189,0
-24.9442439180287,21.4143242949273,0
-25.0968115730767,21.2773251817731,0
-25.2484621957295,21.139383262781,0
-25.399189291641,21.0005033653726,0
-25.5489863998463,20.860690357903,0
-25.6978470930362,20.7199491494943,0
-25.8457649778309,20.5782846898683,0
-25.9927336950527,20.4357019691774,0
-26.1387469199971,20.2922060178332,0
-26.2837983627028,20.1478019063336,0
-26.4278817682204,20.0024947450885,0
-26.5709909168802,19.8562896842433,0
-26.7131196245581,19.7091919135012,0
-26.8542617429407,19.5612066619428,0
-26.994411159789,19.4123391978451,0
-27.1335617992006,19.2625948284985,0
-27.2717076218711,19.1119789000214,0
-27.4088426253532,18.9604967971737,0
-27.5449608443158,18.8081539431689,0
-27.6800563508003,18.654955799484,0
-27.8141232544771,18.5009078656675,0
-27.947155702899,18.3460156791465,0
-28.0791478817549,18.1902848150315,0
-28.2100940151207,18.0337208859201,0
-28.33998836571,17.876329541698,0
-28.4688252351224,17.7181164693399,0
-28.5965989640907,17.5590873927076,0
-28.7233039327273,17.3992480723463,0
-28.8489345607681,17.2386043052809,0
-28.9734853078156,17.0771619248082,0
-29.0969506735805,16.91492680029,0
-29.2193251981214,16.7519048369429,0
-29.3406034620838,16.5881019756271,0
-29.4607800869366,16.4235241926335,0
-29.5798497352079,16.2581774994695,0
-29.6978071107191,16.092067942643,0
-29.8146469588169,15.9252016034445,0
-29.930364066605,15.7575845977284,0
-30.0449532631725,15.5892230756922,0
-30.1584094198227,15.4201232216542,0
-30.2707274502986,15.2502912538299,0
-30.3819023110078,15.0797334241066,0
-30.491929001246,14.9084560178168,0
-30.6008025634178,14.7364653535096,0
-30.708518083257,14.5637677827215,0
-30.8150706900449,14.3903696897445,0
-30.9204555568268,14.2162774913934,0
-31.0246679006267,14.0414976367722,0
-31.1277029826614,13.8660366070375,0
-31.2295561085514,13.689900915162,0
-31.3302226285317,13.5130971056954,0
-31.4296979376593,13.3356317545249,0
-31.5279774760206,13.1575114686329,0
-31.6250567289361,12.978742885855,0
-31.7209312271638,12.7993326746348,0
-31.8155965471004,12.6192875337788,0
-31.9090483109816,12.4386141922091,0
-32.0012821870801,12.2573194087143,0
-32.0922938899019,12.0754099717006,0
-32.182079180381,11.8928926989395,0
-32.2706338660722,11.7097744373161,0
-32.3579538013425,11.5260620625741,0
-32.44403488756,11.3417624790613,0
-32.528873073282,11.1568826194726,0
-32.6124643544404,10.9714294445918,0
-32.6948047745258,10.7854099430326,0
-32.7758904247697,10.5988311309778,0
-32.8557174443249,10.4117000519175,0
-32.934282020444,10.2240237763857,0
-33.0115803886562,10.035809401696,0
-33.087608832942,9.8470640516758,0
-33.1623636859066,9.65779487639931,0
-33.2358413289505,9.46800905191926,0
-33.3080381924394,9.27771377999736,0
-33.3789507558713,9.08691628783371,0
-33.4485755480424,8.89562382779477,0
-33.5169091472104,8.70384367714028,0
-33.5839481812565,8.51158313774889,0
-33.6496893278453,8.31884953584263,0
-33.7141293145829,8.12565022171023,0
-33.7772649191726,7.93199256942927,0
-33.8390929695697,7.73788397658716,0
-33.899610344133,7.54333186400089,0
-33.9588139717756,7.34834367543589,0
-34.0167008321132,7.15292687732344,0
-34.0732679556103,6.95708895847731,0
-34.1285124237247,6.76083742980894,0
-34.1824313690501,6.56417982404187,0
-34.2350219754567,6.36712369542485,0
-34.2862814782294,6.16967661944395,0
-34.3362071642045,5.9718461925337,0
-34.3847963719046,5.773640031787,0
-34.4320464916707,5.57506577466423,0
-34.4779549657929,5.37613107870104,0
-34.5225192886391,5.17684362121545,0
-34.5657370067815,4.97721109901363,0
-34.607605719121,4.77724122809501,0
-34.6481230770099,4.57694174335606,0
-34.6872867843721,4.37632039829345,0
-34.7250945978218,4.1753849647059,0
-34.7615443267797,3.97414323239549,0
-34.7966338335874,3.77260300886754,0
-34.8303610336197,3.57077211903008,0
-34.8627238953948,3.36865840489205,0
-34.8937204406823,3.16626972526063,0
-34.9233487446096,2.96361395543794,0
-34.9516069357655,2.7606989869165,0
-34.9784931963026,2.5575327270742,0
-35.0040057620365,2.35412309886797,0
-35.0281429225443,2.15047804052715,0
-35.0509030212596,1.94660550524545,0
-35.0722844555661,1.74251346087262,0
-35.0922856768897,1.5382098896049,0
-35.1109051907867,1.33370278767495,0
-35.1281415570321,1.12900016504082,0
-35.143993389704,0.924110045074274,0
-35.1584593572667,0.719040464248271,0
-35.1715381826516,0.513799471823726,0
-35.1832286433359,0.308395129535612,0
-35.193529571419,0.102835511278103,0
-35.2024398536972,-0.102871297210608,0
-35.2099584317355,-0.308717198664646,0
-35.2160843019382,-0.514694084607023,0
-35.2208165156165,-0.720793835667258,0
-35.2241541790543,-0.92700832189943,0
-35.2260964535721,-1.13332940310096,0
-35.2266425555884,-1.33974892913204,0
-35.2257917566787,-1.54625874023561,0
-35.2235433836328,-1.75285066735807,0
-35.21989681851,-1.95951653247049,0
-35.2148514986913,-2.16624814889043,0
-35.2084069169307,-2.37303732160434,0
-35.2005626214028,-2.57987584759056,0
-35.1913182157496,-2.78675551614282,0
-35.1806733591244,-2.99366810919421,0
-35.1686277662334,-3.20060540164188,0
-35.1551812073755,-3.40755916167203,0
-35.1403335084797,-3.61452115108553,0
-35.1240845511401,-3.82148312562395,0
-35.1064342726494,-4.02843683529612,0
-35.0873826660292,-4.23537402470511,0
-35.0669297800588,-4.44228643337569,0
-35.0450757193015,-4.64916579608217,0
-35.0218206441291,-4.85600384317672,0
-34.9971647707432,-5.06279230091805,0
-34.9711083711956,-5.2695228918005,0
-34.9436517734052,-5.47618733488357,0
-34.9147953611738,-5.68277734612166,0
-34.8845395741989,-5.8892846386944,0
-34.8528849080845,-6.09570092333704,0
-34.8198319143498,-6.30201790867144,0
-34.7853812004354,-6.50822730153719,0
-34.7495334297078,-6.71432080732313,0
-34.712289321461,-6.92029013029908,0
-34.6736496509161,-7.12612697394794,0
-34.6336152492191,-7.33182304129799,0
-34.5921870034358,-7.53737003525539,0
-34.549365856545,-7.74275965893713,0
-34.5051528074289,-7.94798361600384,0
-34.4595489108619,-8.15303361099325,0
-34.4125552774968,-8.35790134965339,0
-34.3641730738488,-8.56257853927643,0
-34.3144035222771,-8.76705688903224,0
-34.2632479009646,-8.97132811030254,0
-34.2107075438953,-9.17538391701476,0
-34.1567838408291,-9.3792160259764,0
-34.1014782372749,-9.58281615720936,0
-34.0447922344608,-9.78617603428422,0
-33.9867273893027,-9.98928738465497,0
-33.9272853143706,-10.1921419399934,0
-33.8664676778518,-10.3947314365238,0
-33.8042762035131,-10.5970476153578,0
-33.7407126706599,-10.7990822228291,0
-33.6757789140936,-11.0008270108278,0
-33.6094768240659,-11.2022737371358,0
-33.5418083462321,-11.4034141657611,0
-33.4727754816012,-11.6042400672728,0
-33.4023802864842,-11.8047432191357,0
-33.3306248724399,-12.0049154060449,0
-33.2575114062187,-12.2047484202606,0
-33.1830421097041,-12.4042340619423,0
-33.1072192598518,-12.6033641394838,0
-33.0300451886269,-12.8021304698467,0
-32.9515222829387,-13.0005248788957,0
-32.871652984573,-13.1985392017316,0
-32.7904397901227,-13.3961652830261,0
-32.7078852509158,-13.5933949773552,0
-32.6239919729411,-13.7902201495329,0
-32.5387626167723,-13.9866326749447,0
-32.452199897489,-14.1826244398809,0
-32.3643065845961,-14.3781873418696,0
-32.275085501941,-14.5733132900093,0
-32.1845395276279,-14.7679942053019,0
-32.092671593931,-14.9622220209848,0
-31.9994846872043,-15.1559886828631,0
-31.9049818477903,-15.3492861496412,0
-31.8091661699256,-15.5421063932545,0
-31.7120408016447,-15.7344413992005,0
-31.6136089446817,-15.9262831668697,0
-31.5138738543697,-16.1176237098764,0
-31.4128388395379,-16.3084550563884,0
-31.3105072624064,-16.4987692494572,0
-31.2068825384795,-16.6885583473476,0
-31.1019681364359,-16.8778144238664,0
-30.9957675780172,-17.0665295686913,0
-30.8882844379145,-17.2546958876993,0
-30.7795223436519,-17.4423055032944,0
-30.6694849754691,-17.6293505547351,0
-30.5581760662007,-17.8158231984611,0
-30.445599401154,-18.0017156084202,0
-30.3317588179843,-18.187019976394,0
-30.2166582065685,-18.3717285123235,0
-30.1003015088756,-18.5558334446343,0
-29.9826927188366,-18.7393270205606,0
-29.8638358822106,-18.9222015064699,0
-29.7437350964498,-19.1044491881855,0
-29.6223945105621,-19.2860623713101,0
-29.4998183249716,-19.4670333815479,0
-29.3760107913767,-19.6473545650258,0
-29.2509762126065,-19.827018288615,0
-29.124718942475,-20.0060169402514,0
-28.9972433856327,-20.1843429292553,0
-28.8685539974169,-20.3619886866504,0
-28.7386552836992,-20.5389466654829,0
-28.6075518007314,-20.7152093411387,0
-28.4752481549888,-20.8907692116612,0
-28.3417490030119,-21.0656187980672,0
-28.2070590512461,-21.2397506446631,0
-28.0711830558785,-21.4131573193601,0
-27.9341258226734,-21.5858314139877,0
-27.7958922068058,-21.7577655446084,0
-27.6564871126922,-21.9289523518295,0
-27.5159154938198,-22.099384501116,0
-27.374182352574,-22.2690546831009,0
-27.2312927400625,-22.4379556138968,0
-27.0872517559393,-22.6060800354045,0
-26.9420645482249,-22.7734207156223,0
-26.7957363131259,-22.939970448954,0
-26.6482722948513,-23.105722056516,0
-26.4996777854277,-23.2706683864432,0
-26.3499581245126,-23.4348023141949,0
-26.1991186992044,-23.5981167428588,0
-26.0471649438523,-23.7606046034549,0
-25.8941023398627,-23.9222588552382,0
-25.7399364155042,-24.0830724859999,0
-25.5846727457107,-24.243038512369,0
-25.4283169518827,-24.4021499801114,0
-25.2708747016856,-24.560399964429,0
-25.1123517088479,-24.7177815702579,0
-24.9527537329555,-24.8742879325647,0
-24.7920865792455,-25.0299122166428,0
-24.630356098397,-25.1846476184072,0
-24.4675681863212,-25.338487364688,0
-24.3037287839484,-25.4914247135237,0
-24.1388438770136,-25.6434529544525,0
-23.9729194958407,-25.7945654088031,0
-23.8059617151235,-25.9447554299843,0
-23.6379766537063,-26.0940164037733,0
-23.4689704743618,-26.2423417486033,0
-23.2989493835669,-26.3897249158496,0
-23.1279196312778,-26.5361593901149,0
-22.9558875107016,-26.6816386895128,0
-22.7828593580675,-26.8261563659511,0
-22.6088415523955,-26.9697060054134,0
-22.4338405152634,-27.1122812282391,0
-22.2578627105718,-27.2538756894034,0
-22.0809146443077,-27.3944830787947,0
-21.9030028643056,-27.5340971214917,0
-21.7241339600082,-27.672711578039,0
-21.5443145622231,-27.8103202447218,0
-21.3635513428803,-27.9469169538384,0
-21.1818510147856,-28.0824955739725,0
-20.9992203313741,-28.2170500102636,0
-20.8156660864604,-28.3505742046765,0
-20.6311951139886,-28.483062136269,0
-20.4458142877791,-28.6145078214588,0
-20.2595305212748,-28.7449053142888,0
-20.0723507672849,-28.8742487066909,0
-19.8842820177275,-29.0025321287492,0
-19.69533130337,-29.1297497489607,0
-19.5055056935682,-29.2558957744957,0
-19.3148122960037,-29.3809644514563,0
-19.1232582564195,-29.5049500651331,0
-18.930850758354,-29.6278469402617,0
-18.737597022873,-29.7496494412765,0
-18.5435043083012,-29.8703519725639,0
-18.3485799099506,-29.9899489787136,0
-18.1528311598483,-30.108434944769,0
-17.9562654264624,-30.2258043964751,0
-17.7588901144262,-30.3420519005263,0
-17.5607126642609,-30.4571720648118,0
-17.3617405520968,-30.5711595386595,0
-17.161981289393,-30.684009013079,0
-16.9614424226552,-30.7957152210023,0
-16.7601315331524,-30.9062729375238,0
-16.5580562366315,-31.0156769801381,0
-16.3552241830316,-31.1239222089765,0
-16.1516430561947,-31.2310035270423,0
-15.9473205735772,-31.3369158804435,0
-15.7422644859583,-31.4416542586255,0
-15.5364825771477,-31.5452136946002,0
-15.3299826636914,-31.6475892651758,0
-15.1227725945767,-31.748776091183,0
-14.9148602509347,-31.8487693377007,0
-14.7062535457425,-31.9475642142795,0
-14.4969604235232,-32.0451559751642,0
-14.2869888600448,-32.1415399195141,0
-14.076346862018,-32.2367113916215,0
-13.8650424667916,-32.3306657811295,0
-13.6530837420477,-32.4233985232468,0
-13.440478785495,-32.5149050989617,0
-13.2272357245607,-32.6051810352545,0
-13.0133627160811,-32.6942219053071,0
-12.7988679459909,-32.7820233287126,0
-12.5837596290115,-32.8685809716814,0
-12.3680460083374,-32.9538905472466,0
-12.1517353553216,-33.0379478154679,0
-11.9348359691599,-33.1207485836325,0
-11.7173561765736,-33.2022887064555,0
-11.4993043314915,-33.2825640862781,0
-11.2806888147295,-33.3615706732634,0
-11.0615180336705,-33.4393044655915,0
-10.8418004219418,-33.5157615096521,0
-10.6215444390923,-33.5909379002353,0
-10.4007585702672,-33.6648297807207,0
-10.1794513258831,-33.737433343265,0
-9.957631241301,-33.8087448289871,0
-9.73530687649799,-33.8787605281518,0
-9.51248681573826,-33.9474767803517,0
-9.28917966724293,-34.0148899746867,0
-9.06539406285855,-34.0809965499426,0
-8.84113865772454,-34.1457929947667,0
-8.61642212993964,-34.2092758478421,0
-8.3912531802273,-34.2714416980604,0
-8.16564053159986,-34.3322871846917,0
-7.93959292902163,-34.3918089975536,0
-7.71311913907127,-34.4500038771771,0
-7.48622794960277,-34.506868614972,0
-7.25892816940551,-34.5624000533892,0
-7.03122862786341,-34.6165950860816,0
-6.80313817461313,-34.6694506580628,0
-6.57466567920109,-34.7209637658643,0
-6.34582003073964,-34.77113145769,0
-6.11661013756226,-34.8199508335694,0
-5.88704492687797,-34.8674190455084,0
-5.65713334442459,-34.9135332976382,0
-5.42688435412108,-34.9582908463625,0
-5.19630693771933,-35.0016890005022,0
-4.96541009445457,-35.0437251214383,0
-4.73420284069542,-35.084396623253,0
-4.50269420959252,-35.1237009728685,0
-4.27089325072694,-35.1616356901838,0
-4.03880902975727,-35.1981983482094,0
-3.80645062806605,-35.2333865732004,0
-3.57382714240545,-35.2671980447868,0
-3.34094768454224,-35.2996304961024,0
-3.10782138090174,-35.3306817139113,0
-2.87445737221114,-35.3603495387324,0
-2.64086481314223,-35.3886318649616,0
-2.40705287195301,-35.4155266409926,0
-2.17303073012912,-35.4410318693346,0
-1.93880758202392,-35.465145606729,0
-1.70439263449858,-35.4878659642629,0
-1.4697951065608,-35.5091911074812,0
-1.2350242290035,-35.5291192564966,0
-1.00008924404232,-35.5476486860969,0
-0.764999404952936,-35.5647777258509,0
-0.529763975707459,-35.5805047602118,0
-0.294392230610245,-35.594828228618,0
-0.0588934539334066,-35.6077466255928,0
0.176723060448724,-35.619258500841,0
0.412448009425174,-35.629362459344,0
0.64827208101498,-35.6380571614522,0
0.88418595473385,-35.6453413229756,0
1.12018030196187,-35.651213715272,0
1.35624578631118,-35.6556731653335,0
1.59237306399469,-35.65871855587,0
1.82855278419471,-35.6603488253912,0
2.06477558943259,-35.660562968286,0
2.30103211593834,-35.6593600349004,0
2.53731299402094,-35.656739131612,0
2.77360884843914,-35.6526994209032,0
3.00991029877227,-35.6472401214323,0
3.24620795979201,-35.6403605081016,0
3.48249244183392,-35.632059912124,0
3.71875435116992,-35.622337721087,0
3.95498429038056,-35.6111933790146,0
4.19117285872815,-35.598626386427,0
4.42731065252967,-35.5846363003978,0
4.66338826553052,-35.5692227346096,0
4.89939628927808,-35.5523853594066,0
5.13532531349579,-35.5341239018452,0
5.37116592645756,-35.514438145743,0
5.60690871536223,-35.4933279317242,0
5.84254426670824,-35.4707931572643,0
6.07806316666865,-35.4468337767311,0
6.31345600146645,-35.4214498014247,0
6.54871335774973,-35.3946412996143,0
6.78382582296721,-35.366408396573,0
7.01878398574395,-35.3367512746109,0
7.25357843625721,-35.3056701731047,0
7.48819976661222,-35.2731653885266,0
7.72263857121827,-35.2392372744692,0
7.95688544716491,-35.2038862416697,0
8.19093099459809,-35.1671127580308,0
8.4247658170963,-35.1289173486397,0
8.65838052204701,-35.0893005957846,0
8.89176572102298,-35.0482631389692,0
9.12491203015861,-35.0058056749248,0
9.3578100705262,-34.9619289576198,0
9.59045046851234,-34.9166337982674,0
9.82282385619429,-34.8699210653307,0
10.0549208717162,-34.8217916845255,0
10.2867321596651,-34.7722466388209,0
10.5182483714474,-34.7212869684377,0
10.7494601656646,-34.6689137708439,0
10.9803582084896,-34.6151282007489,0
11.2109331740419,-34.5599314700945,0
11.4411757447639,-34.503324848044,0
11.6710766117962,-34.445309660969,0
11.9006264753527,-34.3858872924335,0
12.1298160450963,-34.3250591831766,0
12.3586360405134,-34.2628268310916,0
12.5870771912891,-34.1991917912038,0
12.8151302376812,-34.1341556756458,0
13.0427859308952,-34.06772015363,0
13.2700350334577,-33.9998869514194,0
13.4968683195908,-33.9306578522955,0
13.723276575585,-33.8600346965248,0
13.9492506001728,-33.7880193813216,0
14.1747812049015,-33.7146138608097,0
14.3998592145055,-33.6398201459814,0
14.6244754672791,-33.563640304654,0
14.8486208154475,-33.4860764614242,0
15.0722861255392,-33.4071307976197,0
15.2954622787562,-33.3268055512497,0
15.5181401713452,-33.2451030169516,0
15.7403107149678,-33.1620255459361,0
15.9619648370702,-33.0775755459304,0
16.1830934812524,-32.9917554811182,0
16.4036876076376,-32.904567872078,0
16.62373819324,-32.8160152957189,0
16.8432362323333,-32.7261003852142,0
17.0621727368174,-32.6348258299325,0
17.2805387365861,-32.5421943753664,0
17.4983252798928,-32.4482088230596,0
17.7155234337164,-32.3528720305306,0
17.932124284127,-32.2561869111954,0
18.1481189366497,-32.1581564342862,0
18.3634985166294,-32.0587836247697,0
18.5782541695936,-31.9580715632619,0
18.7923770616156,-31.8560233859407,0
19.0058583796765,-31.7526422844565,0
19.2186893320265,-31.6479315058405,0
19.4308611485459,-31.5418943524108,0
19.6423650811051,-31.4345341816753,0
19.8531924039241,-31.3258544062342,0
20.0633344139312,-31.2158584936781,0
20.2727824311207,-31.1045499664852,0
20.4815277989104,-30.9919324019158,0
20.6895618844979,-30.8780094319045,0
20.896876079216,-30.7627847429503,0
21.1034617988884,-30.6462620760041,0
21.3093104841826,-30.5284452263545,0
21.5144136009641,-30.4093380435103,0
21.7187626406482,-30.2889444310824,0
21.922349120552,-30.1672683466617,0
22.1251645842447,-30.0443138016958,0
22.3272006018977,-29.9200848613632,0
22.5284487706332,-29.7945856444451,0
22.7289007148725,-29.6678203231955,0
22.9285480866831,-29.539793123208,0
23.1273825661244,-29.4105083232816,0
23.3253958615934,-29.2799702552834,0
23.5225797101688,-29.1481833040095,0
23.718925877954,-29.0151519070435,0
23.9144261604196,-28.880880554613,0
24.1090723827446,-28.7453737894433,0
24.3028564001566,-28.6086362066098,0
24.4957700982709,-28.4706724533874,0
24.6878053934286,-28.3314872290985,0
24.8789542330342,-28.1910852849575,0
25.0692085958908,-28.0494714239148,0
25.2585604925355,-27.9066505004971,0
25.4470019655731,-27.7626274206467,0
25.6345250900085,-27.6174071415578,0
25.8211219735789,-27.4709946715109,0
26.0067847570834,-27.3233950697054,0
26.1915056147126,-27.1746134460894,0
26.3752767543771,-27.0246549611878,0
26.5580904180332,-26.873524825928,0
26.7399388820099,-26.721228301464,0
26.9208144573322,-26.5677706989973,0
27.1007094900453,-26.413157379597,0
27.2796163615357,-26.2573937540164,0
27.4575274888526,-26.1004852825088,0
27.6344353250267,-25.9424374746404,0
27.8103323593891,-25.7832558891009,0
27.9852111178874,-25.6229461335128,0
28.159064163402,-25.4615138642381,0
28.3318840960595,-25.2989647861829,0
28.5036635535465,-25.1353046525999,0
28.6743952114202,-24.9705392648891,0
28.8440717834194,-24.8046744723965,0
29.0126860217729,-24.6377161722099,0
29.1802307175068,-24.4696703089539,0
29.3466987007506,-24.3005428745819,0
29.5120828410423,-24.1303399081663,0
29.6763760476305,-23.9590674956871,0
29.8395712697773,-23.7867317698176,0
30.0016614970577,-23.6133389097092,0
30.1626397596587,-23.4388951407733,0
30.3224991286769,-23.2634067344614,0
30.4812327164138,-23.0868800080435,0
30.6388336766705,-22.9093213243844,0
30.7952952050405,-22.7307370917176,0
30.9506105392007,-22.5511337634178,0
31.1047729592016,-22.3705178377714,0
31.2577757877549,-22.1888958577445,0
31.4096123905208,-22.0062744107494,0
31.5602761763924,-21.8226601284095,0
31.7097605977796,-21.638059686321,0
31.8580591508907,-21.4524798038143,0
32.0051653760127,-21.2659272437126,0
32.1510728577902,-21.0784088120881,0
32.2957752255017,-20.8899313580178,0
32.4392661533356,-20.7005017733357,0
32.5815393606634,-20.5101269923845,0
32.7225886123121,-20.3188139917647,0
32.862407718834,-20.1265697900821,0
33.0009905367757,-19.9334014476931,0
33.1383309689447,-19.7393160664486,0
33.274422964675,-19.5443207894361,0
33.4092605200901,-19.3484228007194,0
33.5428376783646,-19.151629325077,0
33.6751485299849,-18.9539476277386,0
33.8061872130065,-18.7553850141198,0
33.9359479133108,-18.5559488295547,0
34.0644248648599,-18.3556464590272,0
34.191612349949,-18.1544853269003,0
34.3175046994576,-17.9524728966438,0
34.4420962930988,-17.7496166705597,0
34.5653815596664,-17.5459241895066,0
34.6873549772806,-17.3414030326221,0
34.8080110736316,-17.1360608170433,0
34.9273444262213,-16.9299051976256,0
35.0453496626033,-16.7229438666603,0
35.1620214606211,-16.5151845535898,0
35.2773545486438,-16.3066350247216,0
35.3913437058008,-16.0973030829405,0
35.5039837622139,-15.8871965674193,0
35.6152695992275,-15.6763233533274,0
35.7251961496373,-15.4646913515382,0
35.833758397917,-15.252308508335,0
35.9409513804423,-15.0391828051146,0
36.046770185714,-14.82532225809,0
36.1512099545782,-14.6107349179913,0
36.2542658804453,-14.3954288697648,0
36.3559332095063,-14.1794122322706,0
36.4562072409476,-13.9626931579793,0
36.5550833271636,-13.745279832666,0
36.6525568739673,-13.5271804751034,0
36.7486233407987,-13.3084033367537,0
36.8432782409314,-13.0889567014585,0
36.9365171416772,-12.8688488851273,0
37.0283356645882,-12.6480882354243,0
37.1187294856574,-12.4266831314543,0
37.2076943355167,-12.2046419834468,0
37.2952259996332,-11.9819732324385,0
37.3813203185034,-11.7586853499543,0
37.4659731878448,-11.5347868376878,0
37.549180558786,-11.3102862271788,0
37.6309384380543,-11.0851920794909,0
37.7112428881614,-10.8595129848865,0
37.7900900275868,-10.6332575625018,0
37.8674760309589,-10.4064344600188,0
37.9433971292345,-10.1790523533372,0
38.0178496098756,-9.95111994624422,0
38.0908298170238,-9.72264597008393,0
38.1623341516738,-9.49363918342413,0
38.2323590718431,-9.26410837172282,0
38.3009010927405,-9.03406234699297,0
38.3679567869321,-8.80350994746633,0
38.4335227845052,-8.57246003725538,0
38.4975957732296,-8.34092150601463,0
38.5601724987175,-8.10890326860059,0
38.6212497645802,-7.87641426473001,0
38.680824432583,-7.6434634586375,0
38.7388934227982,-7.41005983873162,0
38.7954537137551,-7.1762124172501,0
38.8505023425885,-6.94193022991326,0
38.904036405184,-6.70722233557691,0
38.9560530563222,-6.47209781588385,0
39.0065495098197,-6.23656577491422,0
39.0555230386681,-6.00063533883462,0
39.1029709751707,-5.76431565554635,0
39.1488907110769,-5.52761589433249,0
39.1932796977144,-5.29054524550377,0
39.2361354461189,-5.05311292004343,0
39.2774555271615,-4.81532814925102,0
39.3172375716738,-4.5772001843855,0
39.355479270571,-4.33873829630649,0
39.392178374972,-4.09995177511535,0
39.4273326963174,-3.86084992979488,0
39.4609401064856,-3.62144208784805,0
39.4929985379062,-3.38173759493571,0
39.5235059836705,-3.14174581451347,0
39.5524604976409,-2.90147612746763,0
39.5798601945564,-2.66093793175013,0
39.6057032501371,-2.42014064201243,0
39.6299879011853,-2.17909368923875,0
39.652712445685,-1.93780652037841,0
39.6738752428983,-1.69628859797707,0
39.6934747134598,-1.45454939980719,0
39.7115093394686,-1.21259841849784,0
39.7279776645776,-0.970445161163528,0
39.742878294081,-0.728099149032044,0
39.7562098949984,-0.485569917071819,0
39.7679711961574,-0.242867013618392,0
39.7781609882734,-9.46097735296863e-15,0
