12.4473731402274,0,-0
12.4635759209239,0,-0.0555248374713752
12.4795317244861,0,-0.111078533267827
12.4952411287134,0,-0.166659844467582
12.5107047156726,0,-0.22226753649464
12.5259230716277,0,-0.277900383096897
12.5408967869696,0,-0.333557166324021
12.5556264561474,0,-0.389236676505016
12.5701126775993,0,-0.444937712225586
12.5843560536848,0,-0.500659080305219
12.5983571906171,0,-0.556399595774029
12.6121166983962,0,-0.612158081849368
12.625635190743,0,-0.667933369912193
12.6389132850329,0,-0.723724299483203
12.6519516022314,0,-0.779529718198791
12.6647507668292,0,-0.835348481786704
12.6773114067779,0,-0.891179454041561
12.6896341534275,0,-0.947021506800131
12.7017196414626,0,-1.00287351991641
12.7135685088409,0,-1.05873438123651
12.7251813967307,0,-1.11460298657336
12.7365589494508,0,-1.17047823968117
12.7477018144088,0,-1.22635905222979
12.7586106420418,0,-1.28224434377888
12.7692860857566,0,-1.33813304175179
12.779728801871,0,-1.39402408140944
12.7899394495549,0,-1.44991640582394
12.799918690773,0,-1.50580896585202
12.809667190227,0,-1.56170072010844
12.8191856152991,0,-1.61759063493908
12.8284746359955,0,-1.673477684394
12.8375349248909,0,-1.72936085020033
12.8463671570731,0,-1.78523912173499
12.854972010088,0,-1.84111149599732
12.8633501638862,0,-1.89697697758155
12.8715023007684,0,-1.95283457864915
12.8794291053328,0,-2.00868331890109
12.8871312644223,0,-2.06452222554991
12.8946094670722,0,-2.12035033329176
12.9018644044587,0,-2.17616668427827
12.9088967698475,0,-2.23197032808835
12.9157072585434,0,-2.28776032169982
12.9222965678399,0,-2.34353572946107
12.9286653969694,0,-2.3992956230625
12.9348144470545,0,-2.45503908150789
12.9407444210584,0,-2.51076519108576
12.9464560237374,0,-2.56647304534054
12.9519499615928,0,-2.62216174504377
12.9572269428235,0,-2.67783039816508
12.9622876772791,0,-2.73347811984323
12.9671328764138,0,-2.78910403235701
12.9717632532402,0,-2.84470726509607
12.976179522284,0,-2.90028695453171
12.9803823995387,0,-2.95584224418761
12.9843726024213,0,-3.01137228461045
12.9881508497282,0,-3.06687623334054
12.9917178615912,0,-3.12235325488237
12.9950743594347,0,-3.17780252067507
12.9982210659324,0,-3.23322320906289
13.0011587049654,0,-3.28861450526561
13.00388800158,0,-3.34397560134887
13.0064096819463,0,-3.39930569619452
13.0087244733172,0,-3.45460399547091
13.0108331039876,0,-3.5098697116031
13.0127363032542,0,-3.56510206374314
13.0144348013756,0,-3.62030027774024
13.0159293295334,0,-3.6754635861109
13.0172206197925,0,-3.73059122800913
13.0183094050631,0,-3.78568244919648
13.0191964190622,0,-3.84073650201225
13.019882396276,0,-3.89575264534348
13.0203680719223,0,-3.95073014459509
13.0206541819141,0,-4.0056682716599
13.0207414628222,0,-4.06056630488872
13.0206306518398,0,-4.11542352906039
13.0203224867462,0,-4.17023923535179
13.0198177058716,0,-4.22501272130791
13.0191170480621,0,-4.27974329081189
13.0182212526449,0,-4.33443025405505
13.0171310593942,0,-4.38907292750694
13.0158472084972,0,-4.4436706338854
13.0143704405205,0,-4.49822270212659
13.0127014963774,0,-4.55272846735509
13.0108411172944,0,-4.60718727085397
13.0087900447793,0,-4.66159846003488
13.0065490205891,0,-4.71596138840817
13.0041187866981,0,-4.770275415553
13.0015000852666,0,-4.82453990708751
12.9986936586099,0,-4.87875423463896
12.9957002491678,0,-4.93291777581396
12.9925205994742,0,-4.98702991416866
12.989155452127,0,-5.04109003917897
12.9856055497588,0,-5.09509754621088
12.9818716350072,0,-5.14905183649071
12.9779544504863,0,-5.2029523170755
12.9738547387579,0,-5.25679840082329
12.969573242303,0,-5.31058950636361
12.9651107034943,0,-5.36432505806783
12.9604678645683,0,-5.41800448601971
12.9556454675979,0,-5.47162722598583
12.9506442544658,0,-5.52519271938619
12.9454649668374,0,-5.57870041326481
12.9401083461348,0,-5.63214976026033
12.9345751335106,0,-5.6855402185767
12.9288660698222,0,-5.73887125195392
12.9229818956065,0,-5.79214232963879
12.9169233510545,0,-5.84535292635577
12.9106911759869,0,-5.89850252227779
12.9042861098292,0,-5.95159060299723
12.8977088915879,0,-6.00461665949686
12.8909602598261,0,-6.05758018812088
12.8840409526406,0,-6.11048069054598
12.8769517076376,0,-6.16331767375252
12.8696932619106,0,-6.21609064999568
12.8622663520171,0,-6.26879913677675
12.8546717139563,0,-6.32144265681441
12.8469100831469,0,-6.3740207380161
12.8389821944052,0,-6.4265329134495
12.8308887819235,0,-6.47897872131397
12.8226305792487,0,-6.53135770491213
12.8142083192613,0,-6.58366941262148
12.8056227341543,0,-6.6359133978661
12.7968745554133,0,-6.68808921908836
12.7879645137953,0,-6.74019643972083
12.7788933393095,0,-6.79223462815806
12.7696617611973,0,-6.8442033577286
12.7602705079126,0,-6.89610220666701
12.7507203071027,0,-6.94793075808598
12.7410118855894,0,-6.99968859994845
12.7311459693501,0,-7.05137532503992
12.7211232834996,0,-7.10299053094068
12.7109445522715,0,-7.15453381999826
12.7006104990004,0,-7.20600479929988
12.6901218461043,0,-7.25740308064496
12.6794793150669,0,-7.30872828051777
12.6686836264203,0,-7.3599800200601
12.6577354997281,0,-7.411157925044
12.6466356535687,0,-7.46226162584468
12.6353848055186,0,-7.51329075741341
12.6239836721359,0,-7.56424495925049
12.6124329689447,0,-7.61512387537838
12.6007334104187,0,-7.66592715431484
12.588885709966,0,-7.71665444904617
12.5768905799134,0,-7.76730541700055
12.5647487314913,0,-7.81787972002144
12.5524608748187,0,-7.86837702434106
12.5400277188884,0,-7.918797000554
12.5274499715526,0,-7.96913932359081
12.5147283395086,0,-8.01940367269183
12.5018635282843,0,-8.06958973138094
12.4888562422247,0,-8.11969718743951
12.475707184478,0,-8.16972573288039
12.4624170569823,0,-8.219675063922
12.448986560452,0,-8.2695448809625
12.435416394365,0,-8.31933488855403
12.4217072569497,0,-8.36904479537707
12.4078598451723,0,-8.41867431421487
12.3938748547241,0,-8.46822316192799
12.3797529800098,0,-8.51769105942887
12.3654949141349,0,-8.56707773165657
12.3511013488937,0,-8.61638290755151
12.3365729747579,0,-8.66560632003039
12.3219104808653,0,-8.71474770596118
12.3071145550075,0,-8.76380680613808
12.2921858836199,0,-8.81278336525679
12.2771251517698,0,-8.86167713188964
12.2619330431462,0,-8.910487858461
12.2466102400489,0,-8.95921530122267
12.231157423378,0,-9.0078592202294
12.2155752726239,0,-9.05641937931448
12.1998644658571,0,-9.10489554606546
12.184025679718,0,-9.15328749179994
12.1680595894077,0,-9.20159499154141
12.1519668686779,0,-9.24981782399532
12.1357481898219,0,-9.29795577152503
12.1194042236651,0,-9.34600862012806
12.1029356395559,0,-9.39397615941232
12.0863431053571,0,-9.44185818257244
12.0696272874369,0,-9.48965448636623
12.0527888506601,0,-9.53736487109123
12.0358284583803,0,-9.58498914056133
12.0187467724311,0,-9.63252710208345
12.0015444531179,0,-9.67997856643445
11.9842221592105,0,-9.72734334783796
11.9667805479348,0,-9.77462126394144
11.9492202749653,0,-9.82181213579325
11.9315419944177,0,-9.86891578781987
11.9137463588411,0,-9.91593204780318
11.8958340192115,0,-9.96286074685785
11.8778056249241,0,-10.0097017194088
11.8596618237867,0,-10.0564548031689
11.8414032620128,0,-10.1031198391164
11.8230305842149,0,-10.1496966714729
11.8045444333982,0,-10.1961851476812
11.7859454509541,0,-10.2425851183831
11.7672342766539,0,-10.2888964373976
11.7484115486429,0,-10.3351189616992
11.7294779034344,0,-10.3812525513955
11.7104339759035,0,-10.4272970697066
11.6912803992821,0,-10.4732523829423
11.6720178051528,0,-10.5191183604816
11.6526468234435,0,-10.5648948747511
11.6331680824225,0,-10.6105818012032
11.6135822086929,0,-10.6561790182955
11.5938898271875,0,-10.7016864074697
11.5740915611644,0,-10.7471038531302
11.5541880322016,0,-10.7924312426234
11.5341798601927,0,-10.8376684662169
11.5140676633421,0,-10.8828154170791
11.4938520581608,0,-10.927871991258
11.4735336594617,0,-10.9728380876609
11.4531130803557,0,-11.0177136080343
11.4325909322477,0,-11.0624984569432
11.411967824832,0,-11.1071925417509
11.3912443660892,0,-11.1517957725989
11.3704211622821,0,-11.1963080623871
11.3494988179518,0,-11.2407293267534
11.3284779359145,0,-11.2850594840541
11.307359117258,0,-11.3292984553441
11.2861429613385,0,-11.3734461643574
11.2648300657768,0,-11.4175025374871
11.2434210264561,0,-11.4614675037663
11.2219164375181,0,-11.5053409948485
11.2003168913608,0,-11.5491229449884
11.1786229786351,0,-11.5928132910227
11.1568352882426,0,-11.6364119723509
11.1349544073326,0,-11.6799189309163
11.1129809213,0,-11.7233341111873
11.0909154137824,0,-11.7666574601382
11.0687584666581,0,-11.8098889272306
11.0465106600439,0,-11.853028464395
11.0241725722928,0,-11.8960760260118
11.0017447799922,0,-11.9390315688933
10.9792278579615,0,-11.9818950522649
10.9566223792508,0,-12.0246664377472
10.9339289151389,0,-12.0673456893374
10.9111480351317,0,-12.1099327733917
10.8882803069602,0,-12.1524276586068
10.8653262965797,0,-12.1948303160023
10.842286568168,0,-12.237140718903
10.8191616841238,0,-12.2793588429206
10.7959522050662,0,-12.3214846659365
10.7726586898329,0,-12.3635181680844
10.7492816954792,0,-12.4054593317324
10.7258217772774,0,-12.4473081414658
10.7022794887156,0,-12.4890645840699
10.6786553814966,0,-12.5307286485128
10.6549500055379,0,-12.5723003259281
10.6311639089702,0,-12.6137796095983
10.6072976381372,0,-12.6551664949372
10.5833517375952,0,-12.6964609794738
10.5593267501124,0,-12.7376630628351
10.5352232166686,0,-12.7787727467295
10.5110416764548,0,-12.8197900349303
10.4867826668733,0,-12.8607149332592
10.4624467235371,0,-12.9015474495699
10.4380343802701,0,-12.9422875937318
10.4135461691071,0,-12.9829353776137
10.3889826202935,0,-13.0234908150676
10.3643442622861,0,-13.0639539219131
10.3396316217524,0,-13.1043247159208
10.3148452235716,0,-13.1446032167967
10.2899855908345,0,-13.1847894461666
10.2650532448442,0,-13.2248834275601
10.2400487051162,0,-13.2648851863951
10.2149724893791,0,-13.3047947499623
10.1898251135752,0,-13.3446121474095
10.1646070918611,0,-13.3843374097268
10.1393189366083,0,-13.4239705697305
10.1139611584042,0,-13.4635116620486
10.0885342660525,0,-13.5029607231053
10.0630387665747,0,-13.5423177911063
10.0374751652105,0,-13.5815829060234
10.0118439654188,0,-13.6207561095798
9.98614566887922,0,-13.6598374452357
9.96038077549273,0,-13.6988269581729
9.93454978338305,0,-13.7377246952809
9.90865318889778,0,-13.7765307051417
9.88269148660969,0,-13.8152450380158
9.85666516931806,0,-13.8538677458278
9.83057472805005,0,-13.8923988821516
9.80442065206211,0,-13.930838502197
9.77820342884146,0,-13.9691866627949
9.75192354410767,0,-14.0074434223834
9.72558148181415,0,-14.045608840994
9.69917772414986,0,-14.0836829802377
9.67271275154097,0,-14.1216659032909
9.64618704265252,0,-14.1595576748819
9.61960107439031,0,-14.1973583612772
9.59295532190262,0,-14.235068030268
9.56625025858212,0,-14.2726867511565
9.53948635606777,0,-14.3102145947426
9.51266408424681,0,-14.3476516333105
9.4857839112567,0,-14.3849979406156
9.45884630348721,0,-14.4222535918709
9.43185172558249,0,-14.4594186637345
9.40480064044323,0,-14.4964932342959
9.37769350922877,0,-14.5334773830637
9.35053079135939,0,-14.570371190952
9.3233129445185,0,-14.6071747402683
9.29604042465498,0,-14.6438881147001
9.26871368598549,0,-14.6805113993028
9.24133318099685,0,-14.7170446804868
9.21389936044845,0,-14.753488046005
9.18641267337471,0,-14.7898415849405
9.15887356708755,0,-14.8261053876941
9.13128248717893,0,-14.8622795459722
9.10363987752342,0,-14.8983641527742
9.07594618028076,0,-14.934359302381
9.04820183589854,0,-14.9702650903421
9.02040728311481,0,-15.0060816134643
8.99256295896085,0,-15.0418089697995
8.96466929876383,0,-15.0774472586328
8.93672673614966,0,-15.1129965804707
8.90873570304572,0,-15.1484570370297
8.88069662968374,0,-15.1838287312241
8.85260994460263,0,-15.219111767155
8.82447607465141,0,-15.2543062500984
8.79629544499212,0,-15.289412286494
8.76806847910277,0,-15.3244299839337
8.73979559878037,0,-15.3593594511505
8.71147722414388,0,-15.3942007980069
8.68311377363731,0,-15.4289541354841
8.65470566403278,0,-15.463619575671
8.62625331043361,0,-15.4981972317527
8.59775712627749,0,-15.5326872179999
8.56921752333957,0,-15.5670896497581
8.54063491173571,0,-15.6014046434366
8.51200969992566,0,-15.6356323164976
8.48334229471631,0,-15.669772787446
8.45463310126493,0,-15.7038261758184
8.42588252308249,0,-15.7377926021726
8.39709096203692,0,-15.7716721880771
8.36825881835652,0,-15.8054650561011
8.33938649063327,0,-15.8391713298035
8.3104743758262,0,-15.872791133723
8.28152286926484,0,-15.9063245933679
8.25253236465263,0,-15.9397718352057
8.22350325407037,0,-15.9731329866534
8.19443592797967,0,-16.0064081760669
8.16533077522648,0,-16.0395975327318
8.13618818304461,0,-16.0727011868527
8.10700853705922,0,-16.1057192695439
8.07779222129043,0,-16.1386519128194
8.04853961815682,0,-16.1714992495833
8.01925110847913,0,-16.20426141362
7.9899270714838,0,-16.236938539585
7.96056788480661,0,-16.2695307629947
7.93117392449635,0,-16.3020382202174
7.90174556501851,0,-16.3344610484641
7.8722831792589,0,-16.3667993857786
7.84278713852743,0,-16.3990533710285
7.81325781256178,0,-16.4312231438961
7.78369556953118,0,-16.4633088448689
7.75410077604011,0,-16.4953106152309
7.72447379713215,0,-16.5272285970532
7.69481499629367,0,-16.5590629331854
7.66512473545772,0,-16.590813767246
7.63540337500779,0,-16.6224812436145
7.60565127378168,0,-16.6540655074217
7.57586878907531,0,-16.6855667045415
7.54605627664663,0,-16.7169849815818
7.51621409071942,0,-16.7483204858763
7.48634258398725,0,-16.7795733654757
7.45644210761736,0,-16.8107437691389
7.42651301125454,0,-16.8418318463252
7.3965556430251,0,-16.8728377471852
7.36657034954079,0,-16.9037616225529
7.33655747590274,0,-16.9346036239371
7.30651736570545,0,-16.9653639035136
7.27645036104074,0,-16.9960426141163
7.24635680250174,0,-17.0266399092298
7.2162370291869,0,-17.057155942981
7.18609137870397,0,-17.0875908701308
7.15592018717405,0,-17.1179448460666
7.12572378923557,0,-17.1482180267943
7.09550251804837,0,-17.1784105689302
7.06525670529775,0,-17.2085226296932
7.03498668119848,0,-17.2385543668973
7.00469277449889,0,-17.2685059389439
6.97437531248495,0,-17.2983775048136
6.94403462098436,0,-17.3281692240594
6.91367102437059,0,-17.3578812567985
6.88328484556704,0,-17.3875137637053
6.8528764060511,0,-17.4170669060034
6.82244602585828,0,-17.4465408454588
6.79199402358635,0,-17.4759357443722
6.76152071639942,0,-17.5052517655716
6.73102642003212,0,-17.5344890724055
6.7005114487937,0,-17.5636478287352
6.66997611557221,0,-17.5927281989283
6.63942073183863,0,-17.6217303478507
6.60884560765106,0,-17.6506544408604
6.57825105165885,0,-17.6795006438002
6.54763737110676,0,-17.7082691229906
6.51700487183919,0,-17.7369600452229
6.48635385830432,0,-17.7655735777528
6.45568463355828,0,-17.794109888293
6.42499749926939,0,-17.822569145007
6.3942927557223,0,-17.8509515165018
6.36357070182221,0,-17.8792571718219
6.3328316350991,0,-17.9074862804419
6.30207585171189,0,-17.9356390122609
6.27130364645266,0,-17.9637155375951
6.24051531275088,0,-17.9917160271719
6.2097111426776,0,-18.0196406521231
6.17889142694971,0,-18.0474895839787
6.14805645493411,0,-18.0752629946607
6.11720651465197,0,-18.1029610564765
6.08634189278292,0,-18.1305839421129
6.05546287466935,0,-18.1581318246298
6.02456974432054,0,-18.185604877454
5.99366278441697,0,-18.2130032743732
5.96274227631452,0,-18.2403271895298
5.93180850004872,0,-18.267576797415
5.90086173433897,0,-18.2947522728629
5.8699022565928,0,-18.3218537910441
5.83893034291009,0,-18.3488815274606
5.80794626808731,0,-18.375835657939
5.77695030562177,0,-18.4027163586255
5.74594272771585,0,-18.4295238059798
5.71492380528127,0,-18.4562581767691
5.68389380794328,0,-18.4829196480631
5.65285300404496,0,-18.5095083972277
5.62180166065139,0,-18.5360246019196
5.59074004355397,0,-18.5624684400812
5.55966841727461,0,-18.5888400899342
5.52858704506997,0,-18.615139729975
5.49749618893573,0,-18.6413675389686
5.4663961096108,0,-18.6675236959436
5.43528706658157,0,-18.6936083801867
5.40416931808613,0,-18.7196217712374
5.37304312111853,0,-18.7455640488829
5.34190873143299,0,-18.7714353931523
5.31076640354816,0,-18.7972359843122
5.2796163907513,0,-18.8229660028609
5.24845894510257,0,-18.8486256295235
5.21729431743921,0,-18.874215045247
5.18612275737978,0,-18.899734431195
5.15494451332837,0,-18.9251839687428
5.12375983247885,0,-18.9505638394723
5.09256896081907,0,-18.9758742251673
5.06137214313503,0,-19.0011153078086
5.03016962301517,0,-19.0262872695687
4.99896164285455,0,-19.0513902928076
4.96774844385899,0,-19.0764245600677
4.93653026604937,0,-19.101390254069
4.90530734826579,0,-19.1262875577045
4.87407992817175,0,-19.1511166540355
4.84284824225835,0,-19.1758777262871
4.81161252584849,0,-19.2005709578433
4.78037301310106,0,-19.2251965322427
4.74912993701507,0,-19.2497546331737
4.71788352943393,0,-19.2742454444705
4.6866340210495,0,-19.298669150108
4.65538164140635,0,-19.3230259341978
4.62412661890591,0,-19.3473159809837
4.59286918081056,0,-19.3715394748375
4.5616095532479,0,-19.3956966002541
4.53034796121481,0,-19.4197875418481
4.49908462858165,0,-19.4438124843487
4.46781977809637,0,-19.467771612596
4.43655363138867,0,-19.4916651115368
4.40528640897412,0,-19.51549316622
4.37401833025828,0,-19.5392559617929
4.34274961354085,0,-19.5629536834972
4.31148047601977,0,-19.5865865166644
4.28021113379533,0,-19.6101546467122
4.24894180187429,0,-19.6336582591406
4.21767269417395,0,-19.6570975395274
4.18640402352629,0,-19.680472673525
4.15513600168203,0,-19.7037838468559
4.12386883931473,0,-19.7270312453089
4.09260274602485,0,-19.7502150547357
4.06133793034387,0,-19.7733354610468
4.03007459973827,0,-19.7963926502074
3.99881296061369,0,-19.8193868082344
3.96755321831892,0,-19.842318121192
3.93629557714997,0,-19.8651867751884
3.90504024035411,0,-19.887992956372
3.87378741013392,0,-19.9107368509278
3.8425372876513,0,-19.9334186450739
3.8112900730315,0,-19.9560385250577
3.78004596536714,0,-19.9785966771527
3.74880516272222,0,-20.0010932876547
3.71756786213612,0,-20.0235285428784
3.68633425962763,0,-20.0459026291542
3.65510455019888,0,-20.0682157328242
3.62387892783934,0,-20.0904680402395
3.59265758552986,0,-20.1126597377564
3.56144071524656,0,-20.1347910117332
3.53022850796484,0,-20.1568620485267
3.4990211536633,0,-20.1788730344893
3.46781884132774,0,-20.2008241559655
3.43662175895504,0,-20.2227155992886
3.40543009355714,0,-20.2445475507776
3.37424403116496,0,-20.2663201967343
3.34306375683228,0,-20.2880337234397
3.31188945463972,0,-20.3096883171509
3.28072130769857,0,-20.3312841640986
3.24955949815476,0,-20.3528214504833
3.21840420719269,0,-20.3743003624727
3.18725561503914,0,-20.3957210861986
3.15611390096714,0,-20.4170838077538
3.12497924329985,0,-20.4383887131894
3.09385181941437,0,-20.4596359885114
3.06273180574566,0,-20.4808258196784
3.03161937779033,0,-20.5019583925982
3.00051471011048,0,-20.5230338931252
2.96941797633759,0,-20.5440525070575
2.93832934917622,0,-20.565014420134
2.90724900040792,0,-20.585919818032
2.87617710089502,0,-20.6067688863637
2.84511382058438,0,-20.6275618106744
2.81405932851122,0,-20.6482987764388
2.78301379280287,0,-20.6689799690592
2.75197738068255,0,-20.6896055738623
2.72095025847314,0,-20.7101757760966
2.68993259160092,0,-20.7306907609302
2.65892454459932,0,-20.7511507134474
2.62792628111265,0,-20.7715558186471
2.59693796389987,0,-20.7919062614395
2.56595975483823,0,-20.8122022266439
2.53499181492704,0,-20.8324438989862
2.50403430429138,0,-20.8526314630963
2.47308738218574,0,-20.8727651035057
2.44215120699777,0,-20.8928450046452
2.41122593625188,0,-20.9128713508421
2.380311726613,0,-20.9328443263182
2.34940873389017,0,-20.9527641151875
2.31851711304019,0,-20.9726309014533
2.28763701817133,0,-20.9924448690065
2.25676860254688,0,-21.0122062016229
2.22591201858882,0,-21.0319150829609
2.19506741788143,0,-21.0515716965597
2.16423495117488,0,-21.0711762258364
2.13341476838887,0,-21.0907288540844
2.10260701861616,0,-21.1102297644707
2.07181185012619,0,-21.129679140034
2.04102941036863,0,-21.1490771636826
2.01025984597695,0,-21.1684240181919
1.979503302772,0,-21.1877198862027
1.94875992576549,0,-21.2069649502189
1.91802985916359,0,-21.2261593926054
1.88731324637039,0,-21.2453033955861
1.85661022999151,0,-21.2643971412419
1.82592095183751,0,-21.2834408115085
1.79524555292742,0,-21.3024345881747
1.76458417349227,0,-21.3213786528802
1.73393695297853,0,-21.3402731871137
1.70330403005157,0,-21.3591183722108
1.67268554259916,0,-21.3779143893523
1.6420816277349,0,-21.3966614195625
1.61149242180164,0,-21.4153596437066
1.58091806037497,0,-21.4340092424896
1.5503586782666,0,-21.452610396454
1.51981440952779,0,-21.471163285978
1.48928538745275,0,-21.4896680912738
1.45877174458205,0,-21.5081249923861
1.42827361270598,0,-21.5265341691896
1.39779112286797,0,-21.5448958013878
1.36732440536792,0,-21.5632100685112
1.33687358976559,0,-21.5814771499154
1.3064388048839,0,-21.5996972247794
1.27602017881233,0,-21.6178704721042
1.24561783891023,0,-21.6359970707107
1.21523191181011,0,-21.6540771992385
1.18486252342101,0,-21.6721110361438
1.15450979893175,0,-21.6900987596981
1.12417386281427,0,-21.7080405479866
1.09385483882685,0,-21.7259365789064
1.06355285001746,0,-21.743787030165
1.03326801872698,0,-21.7615920792789
1.00300046659245,0,-21.779351903572
0.972750314550355,0,-21.7970666801739
0.942517682839822,0,-21.8147365860186
0.912302691005864,0,-21.8323617978428
0.88210545790261,0,-21.8499424921849
0.851926101696481,0,-21.8674788453828
0.821764739869425,0,-21.8849710335731
0.791621489222083,0,-21.9024192326894
0.761496465876969,0,-21.9198236184609
0.731389785281672,0,-21.937184366411
0.701301562211974,0,-21.9545016518559
0.671231910775008,0,-21.9717756499035
0.641180944412434,0,-21.9890065354515
0.61114877590354,0,-22.0061944831866
0.581135517368371,0,-22.0233396675829
0.551141280270858,0,-22.0404422629007
0.521166175421903,0,-22.0575024431852
0.491210312982469,0,-22.074520382265
0.461273802466691,0,-22.0914962537512
0.431356752744934,0,-22.1084302310359
0.401459272046859,0,-22.125322487291
0.371581467964485,0,-22.1421731954671
0.341723447455231,0,-22.1589825282923
0.311885316844961,0,-22.1757506582706
0.282067181831001,0,-22.1924777576812
0.252269147485166,0,-22.2091639985774
0.222491318256768,0,-22.2258095527847
0.192733797975616,0,-22.2424145919007
0.162996689855002,0,-22.258979287293
0.133280096494684,0,-22.2755038100989
0.103584119883862,0,-22.2919883312236
0.0739088614041288,0,-22.3084330213398
0.0442544218324313,0,-22.3248380508859
0.0146209013440154,0,-22.3412035900656
-0.0149916004846508,0,-22.3575298088465
-0.0445829846729447,0,-22.3738168769589
-0.0741531528331775,0,-22.3900649638952
-0.103702007167685,0,-22.4062742389088
-0.133229450465942,0,-22.4224448710128
-0.162735386101666,0,-22.4385770289791
-0.192219718029937,0,-22.4546708813379
-0.221682350784356,0,-22.4707265963761
-0.251123189474153,0,-22.4867443421366
-0.280542139781355,0,-22.5027242864176
-0.309939107957946,0,-22.5186665967712
-0.339314000823033,0,-22.5345714405028
-0.368666725760032,0,-22.5504389846704
-0.397997190713856,0,-22.5662693960831
-0.427305304188104,0,-22.5820628413008
-0.456590975242277,0,-22.597819486633
-0.485854113488992,0,-22.613539498138
-0.515094629091209,0,-22.6292230416222
-0.544312432759459,0,-22.6448702826391
-0.573507435749105,0,-22.6604813864886
-0.602679549857584,0,-22.6760565182161
-0.63182868742167,0,-22.6915958426118
-0.660954761314753,0,-22.7070995242096
-0.690057684944107,0,-22.7225677272868
-0.719137372248205,0,-22.738000615863
-0.748193737693991,0,-22.7533983536995
-0.777226696274217,0,-22.7687611042984
-0.806236163504739,0,-22.7840890309019
-0.835222055421852,0,-22.7993822964918
-0.864184288579638,0,-22.8146410637884
-0.893122780047298,0,-22.8298654952502
-0.922037447406512,0,-22.8450557530728
-0.950928208748805,0,-22.8602119991885
-0.979794982672927,0,-22.8753343952656
-1.00863768828222,0,-22.8904231027075
-1.03745624518201,0,-22.9054782826525
-1.06625057347704,0,-22.9205000959726
-1.09502059376883,0,-22.9354887032731
-1.12376622715315,0,-22.9504442648923
-1.15248739521741,0,-22.9653669409004
-1.1811840200381,0,-22.980256891099
-1.20985602417825,0,-22.9951142750206
-1.23850333068488,0,-23.0099392519282
-1.26712586308646,0,-23.0247319808142
-1.2957235453904,0,-23.0394926204004
-1.32429630208052,0,-23.054221329137
-1.35284405811451,0,-23.0689182652023
-1.38136673892151,0,-23.083583586502
-1.40986427039952,0,-23.0982174506688
-1.438336578913,0,-23.1128200150617
-1.46678359129037,0,-23.1273914367659
-1.49520523482152,0,-23.1419318725916
-1.52360143725539,0,-23.156441479074
-1.55197212679749,0,-23.1709204124729
-1.58031723210751,0,-23.1853688287717
-1.60863668229685,0,-23.1997868836775
-1.6369304069262,0,-23.2141747326201
-1.66519833600315,0,-23.228532530752
-1.6934403999798,0,-23.2428604329478
-1.72165652975031,0,-23.2571585938034
-1.74984665664857,0,-23.2714271676362
-1.77801071244581,0,-23.2856663084843
-1.80614862934821,0,-23.2998761701059
-1.83426033999458,0,-23.3140569059793
-1.86234577745396,0,-23.3282086693025
-1.89040487522332,0,-23.3423316129922
-1.91843756722522,0,-23.3564258896841
-1.94644378780548,0,-23.3704916517324
-1.97442347173085,0,-23.3845290512088
-2.00237655418671,0,-23.3985382399032
-2.03030297077482,0,-23.4125193693223
-2.05820265751093,0,-23.4264725906899
-2.08607555082261,0,-23.4403980549464
-2.11392158754688,0,-23.4542959127485
-2.14174070492803,0,-23.4681663144685
-2.16953284061528,0,-23.4820094101946
-2.19729793266063,0,-23.4958253497301
-2.22503591951651,0,-23.5096142825934
-2.25274674003365,0,-23.5233763580174
-2.2804303334588,0,-23.5371117249495
-2.30808663943252,0,-23.5508205320511
-2.33571559798701,0,-23.5645029276975
-2.36331714954386,0,-23.5781590599774
-2.39089123491191,0,-23.591789076693
-2.41843779528504,0,-23.6053931253591
-2.44595677224003,0,-23.6189713532037
-2.47344810773434,0,-23.6325239071671
-2.500911744104,0,-23.6460509339018
-2.52834762406148,0,-23.6595525797724
-2.55575569069347,0,-23.6730289908555
-2.58313588745886,0,-23.686480312939
-2.6104881581865,0,-23.6999066915223
-2.63781244707319,0,-23.7133082718159
-2.66510869868151,0,-23.7266851987414
-2.69237685793774,0,-23.7400376169311
-2.71961687012977,0,-23.7533656707279
-2.74682868090502,0,-23.7666695041849
-2.77401223626836,0,-23.7799492610657
-2.80116748258006,0,-23.7932050848437
-2.82829436655371,0,-23.8064371187025
-2.85539283525419,0,-23.819645505535
-2.88246283609559,0,-23.832830387944
-2.90950431683925,0,-23.8459919082415
-2.93651722559166,0,-23.8591302084489
-2.96350151080247,0,-23.8722454302967
-2.9904571212625,0,-23.8853377152243
-3.01738400610171,0,-23.8984072043801
-3.0442821147872,0,-23.9114540386213
-3.07115139712127,0,-23.9244783585134
-3.09799180323939,0,-23.9374803043309
-3.12480328360824,0,-23.9504600160563
-3.15158578902378,0,-23.9634176333807
-3.17833927060926,0,-23.9763532957033
-3.20506367981329,0,-23.9892671421314
-3.23175896840788,0,-24.0021593114804
-3.25842508848654,0,-24.0150299422737
-3.28506199246232,0,-24.0278791727425
-3.31166963306594,0,-24.040707140826
-3.33824796334383,0,-24.0535139841708
-3.36479693665625,0,-24.0662998401317
-3.39131650667542,0,-24.0790648457708
-3.41780662738358,0,-24.0918091378577
-3.44426725307118,0,-24.10453285287
-3.47069833833495,0,-24.1172361269923
-3.49709983807607,0,-24.129919096117
-3.52347170749829,0,-24.1425818958439
-3.54981390210612,0,-24.15522466148
-3.57612637770294,0,-24.1678475280399
-3.6024090903892,0,-24.1804506302455
-3.62866199656059,0,-24.1930341025262
-3.65488505290621,0,-24.2055980790185
-3.68107821640677,0,-24.2181426935663
-3.70724144433279,0,-24.230668079721
-3.73337469424279,0,-24.2431743707413
-3.75947792398149,0,-24.2556616995932
-3.78555109167806,0,-24.26813019895
-3.81159415574435,0,-24.2805800011925
-3.83760707487306,0,-24.2930112384089
-3.86358980803606,0,-24.3054240423949
-3.88954231448257,0,-24.3178185446533
-3.91546455373748,0,-24.330194876395
-3.94135648559956,0,-24.3425531685378
-3.96721807013975,0,-24.3548935517075
-3.99304926769941,0,-24.3672161562374
-4.01885003888865,0,-24.3795211121684
-4.04462034458459,0,-24.3918085492492
-4.07036014592965,0,-24.4040785969361
-4.0960694043299,0,-24.4163313843934
-4.12174808145331,0,-24.4285670404934
-4.1473961392281,0,-24.4407856938161
-4.17301353984107,0,-24.4529874726496
-4.19860024573592,0,-24.4651725049903
-4.22415621961161,0,-24.4773409185426
-4.24968142442066,0,-24.4894928407191
-4.27517582336757,0,-24.5016283986411
-4.30063937990712,0,-24.5137477191379
-4.32607205774279,0,-24.5258509287476
-4.35147382082506,0,-24.537938153717
-4.37684463334989,0,-24.5500095200013
-4.40218445975702,0,-24.5620651532649
-4.42749326472841,0,-24.574105178881
-4.45277101318663,0,-24.5861297219316
-4.47801767029327,0,-24.5981389072083
-4.50323320144737,0,-24.6101328592116
-4.52841757228379,0,-24.6221117021516
-4.5535707486717,0,-24.6340755599478
-4.57869269671298,0,-24.6460245562294
-4.60378338274066,0,-24.6579588143354
-4.62884277331741,0,-24.6698784573146
-4.65387083523393,0,-24.6817836079259
-4.67886753550746,0,-24.6936743886383
-4.70383284138023,0,-24.7055509216311
-4.72876672031795,0,-24.7174133287941
-4.75366914000824,0,-24.7292617317277
-4.7785400683592,0,-24.741096251743
-4.80337947349784,0,-24.7529170098621
-4.8281873237686,0,-24.7647241268179
-4.85296358773186,0,-24.7765177230547
-4.87770823416246,0,-24.7882979187281
-4.90242123204821,0,-24.8000648337052
-4.9271025505884,0,-24.8118185875649
-4.95175215919237,0,-24.8235592995979
-4.97637002747803,0,-24.8352870888068
-5.00095612527038,0,-24.8470020739065
-5.02551042260013,0,-24.8587043733243
-5.05003288970218,0,-24.8703941052
-5.07452349701424,0,-24.8820713873861
-5.09898221517537,0,-24.8937363374481
-5.12340901502457,0,-24.9053890726646
-5.14780386759935,0,-24.9170297100273
-5.17216674413436,0,-24.9286583662416
-5.19649761605993,0,-24.9402751577264
-5.22079645500069,0,-24.9518802006146
-5.2450632327742,0,-24.963473610753
-5.26929792138956,0,-24.9750555037028
-5.293500493046,0,-24.9866259947396
-5.31767092013152,0,-24.9981851988536
-5.34180917522154,0,-25.00973323075
-5.36591523107753,0,-25.0212702048489
-5.38998906064563,0,-25.0327962352859
-5.41403063705534,0,-25.0443114359118
-5.43803993361815,0,-25.0558159202934
-5.4620169238262,0,-25.0673098017133
-5.48596158135095,0,-25.0787931931703
-5.50987388004189,0,-25.0902662073794
-5.53375379392517,0,-25.1017289567723
-5.5576012972023,0,-25.1131815534976
-5.58141636424887,0,-25.1246241094209
-5.6051989696132,0,-25.1360567361248
-5.62894908801509,0,-25.1474795449098
-5.6526666943445,0,-25.1588926467939
-5.67635176366027,0,-25.1702961525131
-5.70000427118886,0,-25.1816901725216
-5.72362419232303,0,-25.193074816992
-5.74721150262063,0,-25.2044501958156
-5.77076617780331,0,-25.2158164186026
-5.79428819375525,0,-25.2271735946825
-5.81777752652195,0,-25.238521833104
-5.84123415230892,0,-25.2498612426355
-5.86465804748052,0,-25.2611919317653
-5.88804918855865,0,-25.272514008702
-5.91140755222159,0,-25.2838275813744
-5.93473311530273,0,-25.295132757432
-5.95802585478937,0,-25.3064296442452
-5.98128574782151,0,-25.3177183489057
-6.00451277169065,0,-25.3289989782264
-6.02770690383856,0,-25.3402716387419
-6.05086812185613,0,-25.3515364367089
-6.07399640348213,0,-25.3627934781063
-6.09709172660209,0,-25.3740428686352
-6.12015406924705,0,-25.3852847137197
-6.14318340959243,0,-25.3965191185068
-6.16617972595688,0,-25.4077461878667
-6.18914299680106,0,-25.4189660263932
-6.21207320072652,0,-25.4301787384038
-6.23497031647457,0,-25.4413844279403
-6.25783432292506,0,-25.4525831987686
-6.28066519909533,0,-25.4637751543794
-6.303462924139,0,-25.4749603979882
-6.3262274773449,0,-25.4861390325356
-6.34895883813588,0,-25.4973111606877
-6.37165698606776,0,-25.5084768848366
-6.39432190082814,0,-25.5196363070999
-6.41695356223537,0,-25.530789529322
-6.43955195023737,0,-25.5419366530735
-6.46211704491061,0,-25.5530777796521
-6.48464882645894,0,-25.5642130100824
-6.50714727521255,0,-25.5753424451167
-6.52961237162684,0,-25.5864661852349
-6.55204409628141,0,-25.5975843306448
-6.57444242987893,0,-25.6086969812828
-6.5968073532441,0,-25.6198042368134
-6.61913884732257,0,-25.6309061966305
-6.64143689317988,0,-25.6420029598569
-6.66370147200042,0,-25.6530946253449
-6.68593256508638,0,-25.6641812916764
-6.70813015385669,0,-25.6752630571638
-6.73029421984601,0,-25.6863400198493
-6.75242474470367,0,-25.6974122775063
-6.77452171019264,0,-25.7084799276386
-6.79658509818853,0,-25.7195430674817
-6.81861489067857,0,-25.7306017940024
-6.84061106976055,0,-25.7416562038995
-6.86257361764189,0,-25.7527063936038
-6.88450251663854,0,-25.7637524592786
-6.90639774917406,0,-25.77479449682
-6.9282592977786,0,-25.7858326018571
-6.95008714508789,0,-25.7968668697526
-6.97188127384227,0,-25.8078973956025
-6.99364166688572,0,-25.818924274237
-7.01536830716488,0,-25.8299476002206
-7.03706117772804,0,-25.8409674678523
-7.05872026172424,0,-25.8519839711661
-7.08034554240227,0,-25.8629972039311
-7.10193700310969,0,-25.8740072596521
-7.12349462729194,0,-25.8850142315695
-7.14501839849134,0,-25.8960182126601
-7.16650830034615,0,-25.907019295637
-7.18796431658968,0,-25.91801757295
-7.2093864310493,0,-25.9290131367863
-7.23077462764551,0,-25.9400060790701
-7.25212889039109,0,-25.9509964914636
-7.27344920339008,0,-25.961984465367
-7.29473555083693,0,-25.9729700919187
-7.31598791701555,0,-25.9839534619958
-7.33720628629846,0,-25.9949346662146
-7.35839064314581,0,-26.0059137949304
-7.37954097210454,0,-26.0168909382383
-7.40065725780747,0,-26.0278661859732
-7.4217394849724,0,-26.0388396277103
-7.44278763840123,0,-26.0498113527656
-7.4638017029791,0,-26.0607814501956
-7.48478166367349,0,-26.0717500087983
-7.50572750553334,0,-26.0827171171131
-7.52663921368822,0,-26.0936828634213
-7.54751677334744,0,-26.1046473357463
-7.56836016979917,0,-26.1156106218542
-7.58916938840967,0,-26.1265728092536
-7.60994441462231,0,-26.1375339851966
-7.63068523395686,0,-26.1484942366785
-7.65139183200854,0,-26.1594536504385
-7.67206419444725,0,-26.1704123129599
-7.69270230701669,0,-26.1813703104703
-7.71330615553359,0,-26.1923277289424
-7.73387572588681,0,-26.2032846540937
-7.75441100403659,0,-26.2142411713871
-7.77491197601369,0,-26.2251973660314
-7.79537862791858,0,-26.2361533229813
-7.81581094592065,0,-26.2471091269381
-7.83620891625741,0,-26.2580648623496
-7.85657252523365,0,-26.2690206134107
-7.87690175922068,0,-26.2799764640638
-7.89719660465555,0,-26.2909324979988
-7.9174570480402,0,-26.3018887986537
-7.93768307594076,0,-26.3128454492149
-7.95787467498671,0,-26.3238025326173
-7.9780318318701,0,-26.3347601315451
-7.99815453334481,0,-26.3457183284315
-8.01824276622581,0,-26.3566772054596
-8.03829651738829,0,-26.3676368445624
-8.05831577376702,0,-26.3785973274232
-8.07830052235551,0,-26.3895587354758
-8.09825075020531,0,-26.4005211499054
-8.11816644442522,0,-26.411484651648
-8.13804759218057,0,-26.4224493213916
-8.1578941806925,0,-26.4334152395758
-8.17770619723714,0,-26.4443824863929
-8.19748362914501,0,-26.4553511417874
-8.21722646380015,0,-26.4663212854571
-8.2369346886395,0,-26.4772929968528
-8.25660829115212,0,-26.4882663551791
-8.2762472588785,0,-26.4992414393944
-8.29585157940983,0,-26.5102183282113
-8.31542124038731,0,-26.5211971000972
-8.33495622950141,0,-26.5321778332743
-8.3544565344912,0,-26.5431606057199
-8.37392214314366,0,-26.5541454951671
-8.39335304329291,0,-26.5651325791047
-8.41274922281962,0,-26.5761219347781
-8.43211066965025,0,-26.5871136391887
-8.4514373717564,0,-26.5981077690953
-8.4707293171541,0,-26.6091044010136
-8.48998649390318,0,-26.620103611217
-8.50920889010655,0,-26.6311054757367
-8.52839649390954,0,-26.6421100703622
-8.54754929349926,0,-26.6531174706413
-8.5666672771039,0,-26.6641277518809
-8.58575043299209,0,-26.675140989147
-8.60479874947229,0,-26.6861572572652
-8.62381221489202,0,-26.6971766308207
-8.64279081763734,0,-26.7081991841592
-8.66173454613211,0,-26.7192249913867
-8.68064338883741,0,-26.7302541263699
-8.69951733425088,0,-26.7412866627371
-8.71835637090606,0,-26.7523226738776
-8.73716048737181,0,-26.7633622329428
-8.75592967225164,0,-26.774405412846
-8.77466391418309,0,-26.7854522862634
-8.79336320183716,0,-26.7965029256334
-8.8120275239176,0,-26.807557403158
-8.83065686916039,0,-26.8186157908023
-8.84925122633306,0,-26.8296781602955
-8.86781058423411,0,-26.8407445831307
-8.88633493169244,0,-26.8518151305654
-8.90482425756668,0,-26.8628898736218
-8.92327855074463,0,-26.8739688830874
-8.94169780014268,0,-26.8850522295149
-8.9600819947052,0,-26.8961399832228
-8.97843112340394,0,-26.9072322142956
-8.99674517523748,0,-26.9183289925842
-9.01502413923061,0,-26.9294303877061
-9.03326800443379,0,-26.9405364690461
-9.05147675992255,0,-26.951647305756
-9.06965039479694,0,-26.9627629667554
-9.08778889818092,0,-26.9738835207319
-9.10589225922186,0,-26.9850090361415
-9.1239604670899,0,-26.9961395812087
-9.14199351097748,0,-27.0072752239269
-9.1599913800987,0,-27.0184160320589
-9.17795406368883,0,-27.0295620731371
-9.19588155100373,0,-27.0407134144638
-9.21377383131931,0,-27.0518701231115
-9.23163089393098,0,-27.0630322659232
-9.24945272815314,0,-27.0741999095129
-9.2672393233186,0,-27.0853731202658
-9.28499066877808,0,-27.0965519643386
-9.30270675389967,0,-27.1077365076597
-9.3203875680683,0,-27.1189268159298
-9.33803310068521,0,-27.130122954622
-9.35564334116746,0,-27.1413249889824
-9.37321827894733,0,-27.1525329840299
-9.39075790347193,0,-27.163747004557
-9.40826220420257,0,-27.1749671151299
