15.3504289317822,0,0
15.3608483035651,0,0.0569580112149942
15.3710567538523,0,0.113916945933034
15.3810547015745,0,0.170875973981011
15.3908425681519,0,0.227834269406823
15.4004207774658,0,0.284791010475832
15.4097897558296,0,0.341745379667106
15.4189499319607,0,0.398696563669575
15.4279017369522,0,0.45564375337806
15.4366456042445,0,0.512586143889193
15.4451819695976,0,0.569522934497161
15.4535112710634,0,0.626453328689435
15.4616339489574,0,0.683376534142281
15.4695504458318,0,0.740291762716201
15.4772612064476,0,0.797198230451257
15.4847666777478,0,0.854095157562283
15.4920673088296,0,0.910981768433942
15.4991635509183,0,0.967857291615765
15.5060558573394,0,1.02472095981698
15.512744683493,0,1.08157200990131
15.5192304868264,0,1.1384096828816
15.5255137268078,0,1.19523322391436
15.5315948649007,0,1.25204188229427
15.5374743645367,0,1.30883491144845
15.5431526910903,0,1.36561156893077
15.5486303118528,0,1.42237111641592
15.5539076960064,0,1.47911281969353
15.558985314599,0,1.53583594866202
15.5638636405184,0,1.59253977732251
15.568543148467,0,1.64922358377259
15.5730243149369,0,1.70588665019988
15.5773076181849,0,1.76252826287563
15.5813935382071,0,1.81914771214829
15.5852825567149,0,1.87574429243669
15.5889751571097,0,1.93231730222351
15.5924718244589,0,1.98886604404835
15.5957730454714,0,2.04538982450088
15.5988793084733,0,2.10188795421391
15.601791103384,0,2.15835974785623
15.6045089216924,0,2.21480452412555
15.6070332564327,0,2.2712216057412
15.6093646021612,0,2.32761031943683
15.6115034549326,0,2.38396999595307
15.6134503122763,0,2.44029997002995
15.615205673174,0,2.49659958039947
15.6167700380357,0,2.5528681697778
15.6181439086774,0,2.60910508485777
15.6193277882976,0,2.6653096763009
15.6203221814554,0,2.72148129872961
15.6211275940474,0,2.77761931071936
15.6217445332853,0,2.83372307479046
15.6221735076738,0,2.8897919574002
15.6224150269884,0,2.94582532893453
15.6224696022531,0,3.00182256369987
15.622337745719,0,3.05778303991495
15.6220199708421,0,3.11370613970223
15.6215167922618,0,3.16959124907969
15.6208287257795,0,3.22543775795219
15.6199562883373,0,3.28124506010294
15.6188999979964,0,3.33701255318498
15.6176603739164,0,3.39273963871233
15.6162379363339,0,3.44842572205141
15.6146332065422,0,3.5040702124121
15.6128467068701,0,3.55967252283894
15.6108789606617,0,3.61523207020221
15.6087304922555,0,3.67074827518888
15.6064018269645,0,3.7262205622937
15.6038934910558,0,3.7816483598099
15.6012060117305,0,3.83703109982025
15.5983399171039,0,3.8923682181877
15.5952957361854,0,3.94765915454615
15.5920739988593,0,4.00290335229121
15.5886752358647,0,4.05810025857071
15.5850999787765,0,4.11324932427541
15.5813487599857,0,4.16835000402939
15.5774221126806,0,4.22340175618065
15.5733205708275,0,4.27840404279151
15.5690446691519,0,4.33335632962892
15.5645949431193,0,4.38825808615495
15.5599719289172,0,4.44310878551691
15.555176163436,0,4.49790790453769
15.5502081842508,0,4.552654923706
15.5450685296029,0,4.60734932716641
15.5397577383818,0,4.66199060270958
15.5342763501071,0,4.71657824176224
15.5286249049103,0,4.77111173937732
15.5228039435173,0,4.82559059422384
15.5168140072307,0,4.88001430857689
15.5106556379117,0,4.93438238830766
15.5043293779635,0,4.98869434287308
15.4978357703129,0,5.04294968530591
15.4911753583942,0,5.09714793220434
15.484348686131,0,5.15128860372187
15.47735629792,0,5.20537122355701
15.470198738614,0,5.25939531894293
15.4628765535046,0,5.31336042063724
15.4553902883062,0,5.36726606291145
15.4477404891394,0,5.42111178354067
15.439927702514,0,5.47489712379322
15.4319524753136,0,5.52862162842003
15.4238153547786,0,5.58228484564425
15.4155168884909,0,5.63588632715066
15.4070576243571,0,5.68942562807518
15.3984381105936,0,5.74290230699421
15.3896588957101,0,5.79631592591405
15.3807205284944,0,5.84966605026033
15.371623557997,0,5.90295224886719
15.3623685335153,0,5.95617409396679
15.3529560045789,0,6.00933116117842
15.3433865209337,0,6.06242302949782
15.3336606325278,0,6.11544928128651
15.3237788894958,0,6.16840950226083
15.3137418421442,0,6.22130328148133
15.3035500409369,0,6.27413021134176
15.2932040364803,0,6.32688988755831
15.282704379509,0,6.37958190915878
15.2720516208714,0,6.4322058784716
15.2612463115155,0,6.48476140111498
15.2502890024744,0,6.53724808598594
15.2391802448526,0,6.58966554524944
15.2279205898118,0,6.64201339432732
15.2165105885575,0,6.69429125188735
15.2049507923245,0,6.74649873983233
15.1932417523639,0,6.79863548328891
15.1813840199296,0,6.85070111059672
15.1693781462642,0,6.90269525329721
15.1572246825866,0,6.95461754612267
15.1449241800779,0,7.00646762698515
15.1324771898691,0,7.05824513696531
15.1198842630274,0,7.10994972030147
15.1071459505437,0,7.16158102437834
15.0942628033198,0,7.21313869971597
15.0812353721555,0,7.2646223999587
15.0680642077361,0,7.31603178186388
15.0547498606199,0,7.36736650529085
15.0412928812258,0,7.41862623318966
15.027693819821,0,7.46981063159006
15.0139532265089,0,7.52091936959015
15.0000716512169,0,7.5719521193453
14.9860496436842,0,7.62290855605701
14.9718877534503,0,7.67378835796154
14.9575865298431,0,7.72459120631894
14.9431465219667,0,7.77531678540161
14.9285682786907,0,7.82596478248325
14.9138523486379,0,7.87653488782758
14.898999280173,0,7.92702679467711
14.8840096213918,0,7.97744019924196
14.8688839201094,0,8.02777480068857
14.8536227238493,0,8.07803030112847
14.8382265798325,0,8.12820640560715
14.8226960349661,0,8.17830282209265
14.8070316358331,0,8.22831926146449
14.7912339286811,0,8.27825543750229
14.7753034594119,0,8.32811106687465
14.7592407735708,0,8.3778858691278
14.7430464163364,0,8.42757956667439
14.7267209325097,0,8.47719188478235
14.7102648665043,0,8.52672255156347
14.693678762336,0,8.57617129796233
14.6769631636127,0,8.62553785774494
14.6601186135243,0,8.67482196748755
14.6431456548328,0,8.72402336656546
14.6260448298625,0,8.77314179714168
14.6088166804903,0,8.82217700415586
14.5914617481359,0,8.8711287353129
14.5739805737522,0,8.91999674107181
14.5563736978159,0,8.96878077463455
14.5386416603181,0,9.0174805919347
14.5207850007548,0,9.06609595162636
14.5028042581181,0,9.11462661507285
14.4846999708862,0,9.16307234633562
14.4664726770155,0,9.211432912163
14.4481229139305,0,9.25970808197899
14.4296512185156,0,9.30789762787219
14.4110581271061,0,9.35600132458449
14.3923441754793,0,9.40401894950007
14.3735098988461,0,9.4519502826341
14.3545558318422,0,9.49979510662166
14.33548250852,0,9.54755320670665
14.3162904623396,0,9.59522437073057
14.296980226161,0,9.64280838912148
14.2775523322356,0,9.69030505488284
14.2580073121982,0,9.73771416358241
14.2383456970587,0,9.78503551334126
14.2185680171942,0,9.83226890482251
14.1986748023414,0,9.87941414122047
14.178666581588,0,9.92647102824938
14.1585438833658,0,9.97343937413256
14.1383072354423,0,10.0203189895912
14.1179571649135,0,10.0671096878335
14.0974941981962,0,10.1138112845435
14.0769188610208,0,10.1604235978703
14.0562316784234,0,10.2069464484166
14.035433174739,0,10.2533796592286
14.0145238735942,0,10.299723055784
13.9935042978995,0,10.3459764659819
13.972374969843,0,10.3921397201314
13.951136410883,0,10.4382126509408
13.929789141741,0,10.4841950935067
13.9083336823949,0,10.5300868853033
13.8867705520724,0,10.5758878661711
13.8651002692441,0,10.6215978783066
13.8433233516167,0,10.6672167662508
13.8214403161269,0,10.7127443768789
13.7994516789344,0,10.7581805593894
13.7773579554159,0,10.8035251652932
13.7551596601584,0,10.8487780484026
13.7328573069532,0,10.893939064821
13.7104514087892,0,10.939008072932
13.6879424778475,0,10.9839849333883
13.6653310254946,0,11.0288695091017
13.6426175622769,0,11.0736616652316
13.6198025979144,0,11.1183612691749
13.5968866412951,0,11.1629681905552
13.5738702004689,0,11.2074823012121
13.5507537826421,0,11.2519034751906
13.5275378941718,0,11.2962315887303
13.50422304056,0,11.3404665202554
13.4808097264481,0,11.3846081503632
13.4572984556118,0,11.4286563618147
13.4336897309551,0,11.4726110395231
13.4099840545055,0,11.5164720705436
13.3861819274085,0,11.5602393440632
13.362283849922,0,11.6039127513899
13.3382903214121,0,11.6474921859423
13.3142018403468,0,11.6909775432392
13.2900189042921,0,11.7343687208893
13.2657420099062,0,11.7776656185807
13.2413716529349,0,11.8208681380706
13.2169083282071,0,11.8639761831746
13.1923525296293,0,11.9069896597572
13.1677047501816,0,11.9499084757205
13.1429654819124,0,11.9927325409946
13.1181352159344,0,12.0354617675272
13.0932144424194,0,12.0780960692731
13.0682036505947,0,12.1206353621843
13.0431033287377,0,12.1630795641996
13.0179139641723,0,12.2054285952346
12.992636043264,0,12.2476823771713
12.9672700514163,0,12.2898408338482
12.941816473066,0,12.3319038910501
12.9162757916792,0,12.373871476498
12.8906484897473,0,12.4157435198392
12.8649350487828,0,12.4575199526368
12.8391359493158,0,12.4992007083605
12.8132516708895,0,12.5407857223755
12.7872826920567,0,12.5822749319338
12.7612294903759,0,12.623668276163
12.7350925424077,0,12.6649656960574
12.7088723237108,0,12.7061671344676
12.6825693088388,0,12.7472725360904
12.6561839713363,0,12.7882818474597
12.6297167837353,0,12.8291950169359
12.6031682175522,0,12.8700119946967
12.5765387432839,0,12.9107327327267
12.5498288304046,0,12.9513571848084
12.5230389473625,0,12.9918853065117
12.4961695615767,0,13.0323170551848
12.4692211394337,0,13.0726523899442
12.4421941462842,0,13.1128912716652
12.4150890464405,0,13.153033662972
12.387906303173,0,13.1930795282285
12.360646378707,0,13.2330288335285
12.3333097342205,0,13.272881546686
12.3058968298404,0,13.312637637226
12.2784081246404,0,13.3522970763748
12.2508440766377,0,13.3918598370505
12.2232051427904,0,13.4313258938536
12.1954917789948,0,13.4706952230577
12.1677044400826,0,13.5099678025997
12.1398435798186,0,13.549143612071
12.1119096508979,0,13.5882226327076
12.0839031049431,0,13.6272048473813
12.0558243925026,0,13.6660902405898
12.0276739630472,0,13.704878798448
11.9994522649685,0,13.7435705086785
11.9711597455762,0,13.7821653606022
11.9427968510959,0,13.8206633451296
11.9143640266667,0,13.859064454751
11.8858617163392,0,13.897368683528
11.8572903630733,0,13.9355760270839
11.8286504087358,0,13.9736864825948
11.7999422940988,0,14.0117000487808
11.7711664588373,0,14.0496167258964
11.7423233415275,0,14.0874365157218
11.7134133796444,0,14.1251594215543
11.6844370095605,0,14.1627854481985
11.6553946665435,0,14.2003146019582
11.6262867847546,0,14.237746890627
11.5971137972467,0,14.2750823234795
11.5678761359629,0,14.3123209112628
11.5385742317345,0,14.3494626661872
11.5092085142793,0,14.3865076019176
11.4797794122005,0,14.4234557335651
11.4502873529844,0,14.4603070776775
11.4207327629996,0,14.4970616522313
11.3911160674949,0,14.5337194766227
11.3614376905983,0,14.570280571659
11.3316980553151,0,14.60674495955
11.3018975835271,0,14.6431126638993
11.2720366959909,0,14.6793837096958
11.2421158123366,0,14.7155581233052
11.2121353510667,0,14.7516359324616
11.1820957295548,0,14.7876171662586
11.1519973640442,0,14.8235018551413
11.1218406696473,0,14.8592900308975
11.0916260603439,0,14.8949817266496
11.0613539489805,0,14.9305769768461
11.0310247472691,0,14.9660758172532
11.0006388657862,0,15.0014782849466
10.9701967139718,0,15.0367844183029
10.9396987001287,0,15.0719942569918
10.9091452314214,0,15.1071078419675
10.8785367138752,0,15.1421252154607
10.8478735523754,0,15.1770464209704
10.8171561506666,0,15.2118715032555
10.7863849113521,0,15.2466005083269
10.7555602358927,0,15.2812334834395
10.7246825246064,0,15.3157704770838
10.6937521766676,0,15.3502115389783
10.6627695901064,0,15.3845567200609
10.6317351618084,0,15.4188060724816
10.6006492875135,0,15.4529596495939
10.5695123618159,0,15.4870175059474
10.5383247781635,0,15.5209796972795
10.5070869288572,0,15.5548462805076
10.4757992050506,0,15.5886173137217
10.4444619967498,0,15.6222928561758
10.4130756928129,0,15.6558729682807
10.3816406809494,0,15.6893577115963
10.3501573477202,0,15.7227471488233
10.3186260785373,0,15.7560413437959
10.2870472576635,0,15.7892403614742
10.255421268212,0,15.8223442679362
10.2237484921467,0,15.8553531303706
10.1920293102815,0,15.8882670170688
10.1602641022803,0,15.9210859974176
10.1284532466573,0,15.9538101418915
10.0965971207765,0,15.9864395220455
10.0646961008516,0,16.018974210507
10.0327505619464,0,16.0514142809691
10.0007608779745,0,16.0837598081825
9.96872742169947,0,16.1160108679488
9.93665056473477,0,16.1481675371123
9.90453067754403,0,16.1802298935533
9.87236812944105,0,16.2121980161806
9.84016328859,0,16.2440719849243
9.80791652200559,0,16.275851880728
9.77562819555324,0,16.3075377855425
9.74329867394936,0,16.3391297823179
9.71092832076155,0,16.3706279549964
9.67851749840895,0,16.4020323885058
9.64606656816247,0,16.4333431687515
9.61357589014516,0,16.4645603826102
9.58104582333258,0,16.4956841179224
9.54847672555311,0,16.5267144634854
9.51586895348847,0,16.5576515090463
9.48322286267406,0,16.5884953452951
9.45053880749941,0,16.6192460638579
9.41781714120874,0,16.6499037572894
9.38505821590136,0,16.6804685190668
9.35226238253228,0,16.7109404435821
9.31942999091271,0,16.7413196261361
9.28656138971065,0,16.7716061629307
9.25365692645148,0,16.8018001510628
9.22071694751855,0,16.8319016885173
9.1877417981539,0,16.8619108741603
9.1547318224588,0,16.8918278077325
9.12168736339458,0,16.9216525898424
9.08860876278321,0,16.9513853219597
9.05549636130807,0,16.9810261064088
9.02235049851477,0,17.010575046362
8.98917151281178,0,17.0400322458331
8.95595974147137,0,17.0693978096707
8.92271552063029,0,17.0986718435518
8.88943918529073,0,17.1278544539752
8.85613106932108,0,17.1569457482551
8.82279150545684,0,17.1859458345148
8.78942082530151,0,17.2148548216801
8.75601935932752,0,17.2436728194729
8.72258743687716,0,17.2723999384049
8.68912538616348,0,17.3010362897715
8.65563353427136,0,17.3295819856451
8.62211220715845,0,17.358037138869
8.58856172965615,0,17.3864018630513
8.55498242547073,0,17.4146762725584
8.52137461718428,0,17.4428604825089
8.48773862625586,0,17.4709546087678
8.45407477302253,0,17.4989587679397
8.42038337670048,0,17.5268730773632
8.38666475538617,0,17.5546976551044
8.35291922605741,0,17.5824326199514
8.31914710457462,0,17.6100780914076
8.2853487056819,0,17.6376341896863
8.25152434300827,0,17.6651010357043
8.21767432906889,0,17.6924787510759
8.18379897526629,0,17.7197674581075
8.14989859189156,0,17.7469672797912
8.1159734881257,0,17.7740783397988
8.0820239720408,0,17.8011007624766
8.04805035060142,0,17.8280346728389
8.01405292966582,0,17.8548801965625
7.98003201398735,0,17.8816374599812
7.94598790721577,0,17.9083065900792
7.9119209118986,0,17.9348877144865
7.87783132948248,0,17.9613809614722
7.84371946031459,0,17.9877864599394
7.80958560364403,0,18.0141043394195
7.77543005762322,0,18.0403347300663
7.7412531193094,0,18.0664777626507
7.70705508466601,0,18.092533568555
7.67283624856414,0,18.1185022797673
7.6385969047841,0,18.1443840288761
7.60433734601682,0,18.1701789490648
7.57005786386538,0,18.1958871741061
7.53575874884651,0,18.2215088383566
7.50144029039219,0,18.2470440767515
7.46710277685114,0,18.2724930247991
7.43274649549035,0,18.2978558185755
7.39837173249672,0,18.3231325947192
7.36397877297863,0,18.3483234904256
7.32956790096746,0,18.3734286434421
7.29513939941932,0,18.3984481920626
7.26069355021662,0,18.4233822751222
7.22623063416967,0,18.4482310319921
7.19175093101835,0,18.4729946025743
7.15725471943383,0,18.4976731272967
7.12274227702018,0,18.5222667471075
7.08821388031604,0,18.5467756034703
7.05366980479638,0,18.5711998383593
7.01911032487418,0,18.5955395942536
6.9845357139021,0,18.6197950141328
6.94994624417432,0,18.6439662414714
6.91534218692816,0,18.6680534202344
6.88072381234595,0,18.6920566948716
6.84609138955668,0,18.7159762103133
6.81144518663788,0,18.7398121119651
6.77678547061735,0,18.7635645457028
6.74211250747495,0,18.7872336578681
6.70742656214445,0,18.8108195952629
6.67272789851532,0,18.8343225051452
6.63801677943455,0,18.8577425352241
6.60329346670849,0,18.8810798336547
6.56855822110473,0,18.9043345490337
6.53381130235396,0,18.9275068303945
6.49905296915175,0,18.9505968272025
6.46428347916054,0,18.9736046893504
6.42950308901149,0,18.9965305671536
6.3947120543063,0,19.0193746113455
6.35991062961926,0,19.0421369730728
6.32509906849904,0,19.0648178038911
6.29027762347068,0,19.08741725576
6.25544654603745,0,19.109935481039
6.22060608668292,0,19.1323726324825
6.1857564948728,0,19.1547288632355
6.1508980190569,0,19.1770043268293
6.11603090667116,0,19.1991991771767
6.08115540413961,0,19.2213135685677
6.04627175687629,0,19.2433476556653
6.01138020928732,0,19.2653015935006
5.97648100477284,0,19.2871755374688
5.94157438572908,0,19.308969643325
5.90666059355028,0,19.3306840671794
5.87173986863084,0,19.3523189654933
5.83681245036723,0,19.3738744950747
5.80187857716008,0,19.3953508130742
5.76693848641624,0,19.4167480769807
5.73199241455079,0,19.4380664446168
5.69704059698914,0,19.4593060741353
5.66208326816906,0,19.4804671240145
5.62712066154277,0,19.5015497530543
5.59215300957904,0,19.5225541203717
5.5571805437652,0,19.5434803853973
5.52220349460934,0,19.5643287078707
5.48722209164231,0,19.5850992478366
5.4522365634199,0,19.6057921656409
5.4172471375249,0,19.6264076219264
5.38225404056922,0,19.646945777629
5.34725749819608,0,19.6674067939737
5.31225773508202,0,19.6877908324705
5.27725497493914,0,19.7080980549105
5.2422494405172,0,19.7283286233624
5.20724135360576,0,19.7484827001678
5.17223093503636,0,19.768560447938
5.13721840468462,0,19.78856202955
5.10220398147247,0,19.8084876081423
5.06718788337025,0,19.8283373471116
5.03217032739897,0,19.8481114101087
4.9971515296324,0,19.8678099610348
4.96213170519928,0,19.8874331640377
4.92711106828557,0,19.9069811835083
4.89208983213651,0,19.9264541840764
4.85706820905898,0,19.9458523306076
4.82204641042353,0,19.9651757881993
4.78702464666673,0,19.9844247221768
4.75200312729333,0,20.0035992980905
4.71698206087841,0,20.0226996817112
4.6819616550697,0,20.0417260390275
4.64694211658977,0,20.0606785362415
4.61192365123821,0,20.0795573397656
4.57690646389388,0,20.0983626162192
4.54189075851723,0,20.1170945324245
4.50687673815242,0,20.1357532554036
4.47186460492961,0,20.1543389523748
4.43685456006722,0,20.1728517907493
4.40184680387419,0,20.1912919381276
4.36684153575216,0,20.2096595622959
4.33183895419781,0,20.2279548312234
4.29683925680509,0,20.246177913058
4.26184264026745,0,20.2643289761238
4.22684930038014,0,20.2824081889171
4.1918594320425,0,20.3004157201036
4.15687322926019,0,20.3183517385147
4.12189088514746,0,20.3362164131444
4.08691259192947,0,20.354009913146
4.05193854094456,0,20.371732407829
4.01696892264646,0,20.3893840666557
3.98200392660672,0,20.406965059238
3.94704374151684,0,20.4244755553342
3.91208855519069,0,20.4419157248461
3.87713855456669,0,20.4592857378156
3.84219392571022,0,20.4765857644214
3.80725485381584,0,20.4938159749764
3.77232152320959,0,20.510976539924
3.73739411735132,0,20.5280676298356
3.70247281883703,0,20.5450894154072
3.66755780940106,0,20.5620420674563
3.63264926991849,0,20.5789257569192
3.59774738040746,0,20.5957406548477
3.56285232003142,0,20.6124869324062
3.52796426710147,0,20.6291647608689
3.49308339907868,0,20.6457743116164
3.45820989257642,0,20.6623157561333
3.42334392336262,0,20.6787892660051
3.38848566636216,0,20.6951950129151
3.35363529565915,0,20.7115331686417
3.31879298449924,0,20.7278039050555
3.28395890529197,0,20.7440073941165
3.24913322961309,0,20.7601438078712
3.2143161282069,0,20.7762133184499
3.17950777098849,0,20.7922160980637
3.1447083270462,0,20.8081523190018
3.10991796464385,0,20.824022153629
3.0751368512231,0,20.8398257743826
3.04036515340574,0,20.8555633537697
3.00560303699612,0,20.8712350643649
2.97085066698338,0,20.886841078807
2.93610820754382,0,20.9023815697968
2.90137582204323,0,20.9178567100943
2.86665367303923,0,20.9332666725158
2.83194192228358,0,20.9486116299318
2.79724073072453,0,20.9638917552638
2.76255025850916,0,20.9791072214822
2.72787066498569,0,20.9942582016034
2.69320210870583,0,21.0093448686873
2.6585447474271,0,21.0243673958351
2.62389873811521,0,21.0393259561861
2.5892642369463,0,21.0542207229157
2.55464139930939,0,21.0690518692328
2.52003037980862,0,21.0838195683772
2.48543133226562,0,21.0985239936174
2.45084440972185,0,21.1131653182476
2.41626976444092,0,21.1277437155859
2.38170754791094,0,21.1422593589716
2.34715791084682,0,21.1567124217626
2.31262100319263,0,21.1711030773335
2.27809697412395,0,21.1854314990726
2.24358597205011,0,21.1996978603801
2.20908814461667,0,21.2139023346655
2.17460363870759,0,21.2280450953452
2.14013260044768,0,21.2421263158405
2.10567517520486,0,21.2561461695748
2.07123150759253,0,21.2701048299719
2.03680174147188,0,21.2840024704533
2.00238601995417,0,21.2978392644362
1.96798448540317,0,21.3116153853308
1.93359727943735,0,21.325331006539
1.89922454293231,0,21.3389863014512
1.86486641602306,0,21.3525814434446
1.83052303810631,0,21.3661166058811
1.79619454784285,0,21.3795919621048
1.76188108315982,0,21.3930076854402
1.72758278125308,0,21.4063639491899
1.69329977858949,0,21.4196609266322
1.65903221090918,0,21.4328987910197
1.624780213228,0,21.4460777155764
1.59054391983968,0,21.4591978734962
1.55632346431825,0,21.4722594379407
1.52211897952028,0,21.4852625820368
1.48793059758725,0,21.4982074788754
1.45375844994782,0,21.5110943015084
1.41960266732011,0,21.5239232229477
1.38546337971407,0,21.5366944161623
1.35134071643374,0,21.5494080540771
1.31723480607954,0,21.5620643095704
1.28314577655059,0,21.5746633554721
1.24907375504703,0,21.5872053645618
1.21501886807228,0,21.599690509567
1.1809812414353,0,21.6121189631609
1.14696100025297,0,21.6244908979606
1.11295826895234,0,21.6368064865254
1.07897317127286,0,21.6490659013547
1.04500583026877,0,21.6612693148861
1.01105636831129,0,21.6734168994939
0.977124907090969,0,21.685508827487
0.943211567619911,0,21.697545271107
0.909316470234108,0,21.7095264025265
0.875439734595681,0,21.7214523938476
0.841581479695126,0,21.7333234170994
0.807741823853656,0,21.745139644237
0.773920884725423,0,21.7569012471393
0.740118779299778,0,21.7686083976073
0.706335623903544,0,21.7802612673626
0.672571534203302,0,21.7918600280454
0.638826625207638,0,21.8034048512128
0.605101011269358,0,21.8148959083375
0.571394806087809,0,21.8263333708056
0.537708122711098,0,21.8377174099153
0.504041073538311,0,21.849048196875
0.470393770321837,0,21.8603259028018
0.436766324169527,0,21.8715506987198
0.403158845547013,0,21.8827227555587
0.36957144427987,0,21.8938422441517
0.336004229555929,0,21.9049093352344
0.302457309927467,0,21.9159241994431
0.268930793313416,0,21.9268870073129
0.235424787001657,0,21.9377979292766
0.201939397651211,0,21.9486571356629
0.168474731294436,0,21.9594647966948
0.13503089333927,0,21.9702210824883
0.101607988571475,0,21.9809261630506
0.0682061211568254,0,21.991580208279
0.0348253946432878,0,22.0021833879591
0.00146591196329164,0,22.0127358717632
-0.0318722245640866,0,22.0232378292493
-0.065188913230967,0,22.0336894298591
-0.098484052938395,0,22.044090842917
-0.131757543194177,0,22.0544422376285
-0.165009284110715,0,22.0647437830788
-0.198239176402778,0,22.0749956482311
-0.231447121385315,0,22.0851980019257
-0.264633020971275,0,22.0953510128783
-0.297796777669468,0,22.1054548496787
-0.330938294582318,0,22.1155096807893
-0.364057475403719,0,22.1255156745441
-0.397154224416902,0,22.1354729991469
-0.430228446492183,0,22.1453818226702
-0.463280047084889,0,22.155242313054
-0.496308932233115,0,22.1650546381042
-0.529315008555639,0,22.1748189654916
-0.5622981832497,0,22.1845354627502
-0.59525836408888,0,22.1942042972763
-0.628195459420985,0,22.2038256363272
-0.661109378165824,0,22.2133996470197
-0.694000029813126,0,22.222926496329
-0.726867324420393,0,22.2324063510874
-0.759711172610766,0,22.2418393779832
-0.792531485570866,0,22.2512257435593
-0.825328175048677,0,22.2605656142122
-0.858101153351466,0,22.2698591561904
-0.890850333343592,0,22.2791065355939
-0.923575628444428,0,22.2883079183723
-0.956276952626265,0,22.297463470324
-0.988954220412142,0,22.3065733570951
-1.02160734687381,0,22.3156377441779
-1.05423624762957,0,22.3246567969102
-1.08684083884222,0,22.3336306804738
-1.1194210372169,0,22.3425595598937
-1.15197675999905,0,22.3514436000366
-1.18450792497235,0,22.3602829656103
-1.21701445045652,0,22.3690778211621
-1.24949625530538,0,22.377828331078
-1.28195325890464,0,22.3865346595816
-1.31438538116995,0,22.395196970733
-1.34679254254473,0,22.4038154284278
-1.37917466399813,0,22.4123901963958
-1.41153166702305,0,22.4209214382005
-1.44386347363393,0,22.4294093172375
-1.47617000636484,0,22.4378539967337
-1.50845118826732,0,22.4462556397466
-1.5407069429084,0,22.4546144091627
-1.57293719436855,0,22.462930467697
-1.60514186723959,0,22.4712039778917
-1.63732088662272,0,22.4794351021157
-1.66947417812644,0,22.4876240025628
-1.70160166786453,0,22.4957708412518
-1.73370328245408,0,22.5038757800246
-1.76577894901337,0,22.5119389805458
-1.79782859515997,0,22.5199606043017
-1.82985214900859,0,22.5279408125992
-1.86184953916923,0,22.5358797665652
-1.89382069474504,0,22.5437776271453
-1.92576554533038,0,22.5516345551033
-1.95768402100886,0,22.5594507110199
-1.98957605235124,0,22.5672262552922
-2.02144157041354,0,22.5749613481328
-2.05328050673504,0,22.5826561495685
-2.08509279333627,0,22.5903108194399
-2.11687836271703,0,22.5979255174007
-2.14863714785444,0,22.6055004029161
-2.18036908220098,0,22.6130356352628
-2.2120740996825,0,22.6205313735278
-2.24375213469627,0,22.6279877766074
-2.27540312210904,0,22.6354050032069
-2.30702699725506,0,22.6427832118394
-2.33862369593415,0,22.6501225608251
-2.37019315440974,0,22.6574232082907
-2.40173530940699,0,22.6646853121683
-2.43325009811075,0,22.6719090301949
-2.46473745816371,0,22.6790945199117
-2.49619732766448,0,22.6862419386629
-2.52762964516559,0,22.6933514435957
-2.55903434967163,0,22.7004231916587
-2.59041138063734,0,22.7074573396019
-2.6217606779657,0,22.7144540439757
-2.65308218200597,0,22.72141346113
-2.68437583355182,0,22.7283357472138
-2.7156415738395,0,22.7352210581744
-2.74687934454583,0,22.7420695497567
-2.77808908778637,0,22.7488813775025
-2.80927074611356,0,22.7556566967498
-2.84042426251478,0,22.7623956626323
-2.87154958041052,0,22.7690984300784
-2.90264664365248,0,22.7757651538109
-2.93371539652174,0,22.7823959883464
-2.96475578372685,0,22.7889910879941
-2.99576775040197,0,22.7955506068558
-3.02675124210508,0,22.8020746988251
-3.05770620481605,0,22.8085635175865
-3.08863258493483,0,22.8150172166151
-3.11953032927963,0,22.8214359491758
-3.15039938508502,0,22.827819868323
-3.18123970000018,0,22.8341691268998
-3.21205122208697,0,22.8404838775371
-3.24283389981821,0,22.8467642726538
-3.27358768207578,0,22.8530104644554
-3.30431251814881,0,22.8592226049341
-3.33500835773196,0,22.8654008458679
-3.36567515092345,0,22.87154533882
-3.39631284822342,0,22.8776562351384
-3.42692140053202,0,22.8837336859556
-3.45750075914769,0,22.8897778421875
-3.48805087576529,0,22.8957888545333
-3.51857170247437,0,22.9017668734748
-3.5490631917574,0,22.9077120492761
-3.57952529648793,0,22.9136245319829
-3.60995796992887,0,22.919504471422
-3.64036116573072,0,22.9253520172009
-3.67073483792979,0,22.9311673187074
-3.70107894094642,0,22.9369505251087
-3.73139342958323,0,22.9427017853515
-3.76167825902345,0,22.9484212481613
-3.79193338482905,0,22.9541090620417
-3.82215876293905,0,22.9597653752741
-3.85235434966784,0,22.9653903359177
-3.88252010170333,0,22.9709840918082
-3.91265597610532,0,22.9765467905581
-3.94276193030373,0,22.9820785795558
-3.97283792209689,0,22.9875796059656
-4.00288390964981,0,22.9930500167268
-4.03289985149247,0,22.9984899585537
-4.06288570651814,0,23.003899577935
-4.09284143398168,0,23.0092790211333
-4.12276699349774,0,23.0146284341849
-4.15266234503923,0,23.0199479628995
-4.18252744893549,0,23.0252377528593
-4.21236226587067,0,23.0304979494193
-4.24216675688204,0,23.0357286977065
-4.27194088335834,0,23.0409301426195
-4.30168460703803,0,23.0461024288284
-4.33139789000767,0,23.0512457007743
-4.3610806947003,0,23.056360102669
-4.39073298389371,0,23.0614457784944
-4.42035472070878,0,23.0665028720026
-4.44994586860791,0,23.0715315267152
-4.47950639139333,0,23.0765318859233
-4.50903625320538,0,23.0815040926866
-4.53853541852101,0,23.0864482898339
-4.56800385215208,0,23.0913646199621
-4.5974415192437,0,23.0962532254361
-4.62684838527265,0,23.1011142483887
-4.65622441604575,0,23.1059478307199
-4.68556957769829,0,23.1107541140971
-4.71488383669226,0,23.1155332399543
-4.74416715981498,0,23.1202853494923
-4.77341951417729,0,23.125010583678
-4.80264086721208,0,23.1297090832443
-4.83183118667261,0,23.1343809886901
-4.86099044063101,0,23.1390264402794
-4.8901185974766,0,23.1436455780417
-4.91921562591438,0,23.1482385417714
-4.94828149496344,0,23.1528054710274
-4.97731617395537,0,23.1573465051334
-5.00631963253269,0,23.1618617831771
-5.0352918406473,0,23.1663514440102
-5.06423276855894,0,23.1708156262483
-5.09314238683359,0,23.1752544682703
-5.12202066634195,0,23.1796681082186
-5.15086757825791,0,23.1840566839986
-5.17968309405696,0,23.1884203332787
-5.20846718551471,0,23.1927591934897
-5.23721982470529,0,23.1970734018252
-5.2659409839999,0,23.2013630952408
-5.29463063606523,0,23.2056284104542
-5.32328875386193,0,23.2098694839452
-5.35191531064317,0,23.214086451955
-5.38051027995307,0,23.2182794504865
-5.40907363562516,0,23.2224486153038
-5.43760535178098,0,23.2265940819324
-5.46610540282848,0,23.2307159856584
-5.4945737634606,0,23.2348144615291
-5.52301040865373,0,23.2388896443522
-5.55141531366628,0,23.2429416686961
-5.57978845403711,0,23.2469706688894
-5.60812980558415,0,23.2509767790209
-5.63643934440289,0,23.2549601329397
-5.66471704686491,0,23.2589208642545
-5.69296288961636,0,23.262859106334
-5.72117684957663,0,23.2667749923064
-5.7493589039368,0,23.2706686550596
-5.77750903015819,0,23.2745402272407
-5.80562720597095,0,23.2783898412563
-5.83371340937262,0,23.2822176292719
-5.86176761862664,0,23.2860237232123
-5.88978981226098,0,23.2898082547611
-5.91777996906666,0,23.2935713553607
-5.9457380680964,0,23.2973131562124
-5.97366408866307,0,23.3010337882759
-6.00155801033841,0,23.3047333822696
-6.02941981295154,0,23.3084120686704
-6.05724947658756,0,23.3120699777135
-6.08504698158617,0,23.3157072393923
-6.11281230854027,0,23.3193239834584
-6.14054543829452,0,23.3229203394218
-6.16824635194403,0,23.3264964365502
-6.19591503083286,0,23.3300524038695
-6.22355145655276,0,23.3335883701635
-6.2511556109417,0,23.3371044639737
-6.27872747608254,0,23.3406008135997
-6.30626703430167,0,23.3440775470985
-6.33377426816759,0,23.3475347922851
-6.3612491604896,0,23.350972676732
-6.38869169431642,0,23.3543913277694
-6.41610185293486,0,23.3577908724849
-6.44347961986843,0,23.3611714377237
-6.47082497887602,0,23.3645331500887
-6.49813791395059,0,23.3678761359398
-6.52541840931776,0,23.3712005213949
-6.55266644943452,0,23.3745064323288
-6.57988201898795,0,23.377793994374
-6.6070651028938,0,23.3810633329204
-6.63421568629522,0,23.384314573115
-6.66133375456146,0,23.3875478398623
-6.68841929328653,0,23.3907632578241
-6.71547228828791,0,23.3939609514196
-6.74249272560522,0,23.3971410448253
-6.76948059149895,0,23.4003036619749
-6.79643587244918,0,23.4034489265597
-6.8233585551542,0,23.4065769620281
-6.85024862652933,0,23.4096878915858
-6.87710607370563,0,23.4127818381962
-6.90393088402848,0,23.4158589245796
-6.9307230450565,0,23.4189192732142
-6.95748254456017,0,23.4219630063353
-6.98420937052056,0,23.4249902459356
-7.01090351112809,0,23.4280011137655
-7.03756495478129,0,23.4309957313328
-7.06419369008553,0,23.4339742199026
-7.09078970585176,0,23.436936700498
-7.11735299109524,0,23.4398832938993
-7.14388353503437,0,23.4428141206446
-7.1703813270894,0,23.4457293010299
-7.19684635688117,0,23.4486289551086
-7.22327861422997,0,23.4515132026919
-7.24967808915422,0,23.4543821633492
-7.27604477186929,0,23.4572359564074
-7.30237865278629,0,23.4600747009514
-7.32867972251084,0,23.4628985158244
-7.35494797184186,0,23.4657075196273
-7.38118339177036,0,23.4685018307194
-7.40738597347827,0,23.4712815672179
-7.43355570833718,0,23.4740468469987
-7.45969258790719,0,23.4767977876956
-7.48579660393573,0,23.4795345067011
-7.51186774835636,0,23.4822571211662
-7.53790601328753,0,23.4849657480002
-7.56391139103151,0,23.4876605038713
-7.58988387407312,0,23.4903415052064
-7.61582345507863,0,23.4930088681912
-7.64173012689452,0,23.4956627087703
-7.66760388254638,0,23.4983031426474
-7.69344471523774,0,23.500930285285
-7.71925261834885,0,23.5035442519052
-7.74502758543565,0,23.5061451574892
-7.77076961022849,0,23.5087331167775
-7.79647868663111,0,23.5113082442703
-7.82215480871936,0,23.5138706542273
-7.84779797074022,0,23.5164204606678
-7.87340816711055,0,23.5189577773712
-7.898985392416,0,23.5214827178765
-7.9245296414099,0,23.5239953954829
-7.95004090901214,0,23.5264959232499
-7.975519190308,0,23.5289844139971
-8.00096448054711,0,23.5314609803045
-8.02637677514229,0,23.5339257345127
-8.05175606966848,0,23.5363787887229
-8.07710235986158,0,23.538820254797
-8.10241564161745,0,23.541250244358
-8.12769591099071,0,23.5436688687897
-8.15294316419371,0,23.5460762392372
-8.17815739759544,0,23.548472466607
-8.20333860772043,0,23.5508576615666
-8.22848679124766,0,23.5532319345456
-8.25360194500954,0,23.555595395735
-8.27868406599078,0,23.5579481550877
-8.30373315132734,0,23.5602903223187
-8.32874919830536,0,23.562622006905
-8.35373220436013,0,23.5649433180859
-8.37868216707499,0,23.5672543648632
-8.40359908418032,0,23.5695552560014
-8.42848295355243,0,23.5718461000275
-8.4533337732126,0,23.5741270052315
-8.47815154132596,0,23.5763980796666
-8.50293625620045,0,23.5786594311489
-8.5276879162859,0,23.5809111672582
-8.55240652017284,0,23.5831533953376
-8.57709206659156,0,23.585386222494
-8.60174455441109,0,23.5876097555981
-8.62636398263818,0,23.5898241012847
-8.65095035041622,0,23.5920293659528
-8.6755036570243,0,23.5942256557656
-8.70002390187616,0,23.5964130766511
-8.72451108451921,0,23.5985917343019
-8.7489652046335,0,23.6007617341754
-8.77338626203074,0,23.6029231814941
-8.79777425665331,0,23.6050761812457
-8.82212918857324,0,23.6072208381836
-8.84645105799124,0,23.6093572568264
-8.87073986523575,0,23.6114855414588
-8.89499561076189,0,23.6136057961313
-8.9192182951505,0,23.6157181246605
-8.94340791910724,0,23.6178226306295
-8.9675644834615,0,23.6199194173879
-8.99168798916554,0,23.6220085880519
-9.01577843729345,0,23.6240902455047
-9.03983582904026,0,23.6261644923967
-9.06386016572089,0,23.6282314311454
-9.08785144876929,0,23.6302911639358
-9.11180967973745,0,23.6323437927208
-9.13573486029445,0,23.6343894192209
-9.15962699222549,0,23.636428144925
-9.18348607743104,0,23.6384600710901
-9.20731211792582,0,23.6404852987417
-9.2311051158379,0,23.6425039286739
-9.25486507340773,0,23.6445160614499
-9.27859199298732,0,23.646521797402
-9.30228587703919,0,23.6485212366316
-9.32594672813552,0,23.6505144790098
-9.34957454895725,0,23.6525016241773
-9.37316934229312,0,23.6544827715448
-9.39673111103877,0,23.6564580202933
-9.42025985819589,0,23.658427469374
-9.44375558687125,0,23.6603912175086
-9.46721830027582,0,23.6623493631898
-9.49064800172387,0,23.6643020046812
-9.51404469463214,0,23.6662492400177
-9.53740838251887,0,23.6681911670055
-9.56073906900292,0,23.6701278832227
-9.58403675780297,0,23.672059486019
-9.60730145273654,0,23.6739860725165
-9.63053315771918,0,23.6759077396095
-9.65373187676357,0,23.6778245839649
-9.67689761397869,0,23.6797367020223
-9.70003037356886,0,23.6816441899944
-9.723130159833,0,23.6835471438672
-9.74619697716368,0,23.6854456594
-9.76923083004633,0,23.687339832126
-9.79223172305829,0,23.6892297573521
-9.81519966086809,0,23.6911155301596
-9.83813464823451,0,23.692997245404
-9.86103669000577,0,23.6948749977155
-9.88390579111867,0,23.6967488814993
-9.9067419565978,0,23.6986189909355
-9.92954519155466,0,23.7004854199796
-9.95231550118683,0,23.7023482623627
-9.97505289077717,0,23.7042076115917
-9.99775736569303,0,23.7060635609496
-10.0204289313853,0,23.7079162034955
-10.0430675933877,0,23.7097656320652
-10.065673357316,0,23.7116119392713
-10.0882462288672,0,23.7134552175033
-10.1107862138184,0,23.7152955589281
-10.1332933180266,0,23.7171330554898
-10.1557675474274,0,23.7189677989107
-10.1782089080343,0,23.7207998806906
-10.2006174059382,0,23.722629392108
-10.2229930473062,0,23.7244564242195
-10.245335838381,0,23.7262810678607
-10.2676457854801,0,23.728103413646
-10.2899228949951,0,23.7299235519693
