6.00000527228422,18.9345364584164,0
5.99722785384837,18.8914925584089,0
5.9946481573238,18.8415277381004,0
5.99226115838454,18.7915951692549,0
5.9900670894067,18.7416953866613,0
5.98806616704904,18.6918289300437,0
5.98625859212272,18.6419963439309,0
5.98464454946832,18.5921981775304,0
5.98322420783991,18.5424349845988,0
5.98199771979661,18.4927073233112,0
5.98096522160149,18.4430157561274,0
5.98012683312824,18.3933608496552,0
5.9794826577752,18.3437431745162,0
5.97903278238746,18.2941633052026,0
5.97877727718643,18.2446218199421,0
5.97871619570739,18.195119300555,0
5.97884957474506,18.1456563323098,0
5.97917743430695,18.0962335037815,0
5.97969977757497,18.0468514067023,0
5.98041659087465,17.9975106358218,0
5.98132784365269,17.9482117887555,0
5.98243348846277,17.8989554658366,0
5.98373346095875,17.8497422699706,0
5.98522767989671,17.8005728064818,0
5.98691604714431,17.7514476829684,0
5.98879844769854,17.7023675091494,0
5.99087474971158,17.6533328967132,0
5.99314480452403,17.6043444591705,0
5.99560844670669,17.5554028116992,0
5.99826549410956,17.5065085709972,0
6.0011157479188,17.4576623551312,0
6.00415899272164,17.4088647833844,0
6.00739499657832,17.3601164761086,0
6.01082351110214,17.3114180545716,0
6.01444427154637,17.2627701408104,0
6.01825699689835,17.2141733574842,0
6.02226138998153,17.1656283277227,0
6.02645713756389,17.1171356749796,0
6.03084391047345,17.0686960228875,0
6.03542136372029,17.0203099951135,0
6.04018913662558,16.9719782152146,0
6.04514685295722,16.9237013064914,0
6.05029412107111,16.8754798918512,0
6.05563053405932,16.8273145936635,0
6.06115566990405,16.7792060336221,0
6.06686909163673,16.73115483261,0
6.07277034750402,16.6831616105595,0
6.07885897113849,16.635226986319,0
6.08513448173477,16.58735157752,0
6.09159638423041,16.5395360004484,0
6.09824416949246,16.4917808699126,0
6.10507731450843,16.4440867991158,0
6.11209528258157,16.3964543995318,0
6.11929752353053,16.3488842807819,0
6.12668347389315,16.3013770505141,0
6.13425255713474,16.2539333142818,0
6.14200418385944,16.2065536754272,0
6.1499377520253,16.159238734967,0
6.15805264716277,16.1119890914793,0
6.16634824259589,16.0648053409952,0
6.17482389966732,16.0176880768874,0
6.18347896796536,15.9706378897656,0
6.19231278555341,15.923655367374,0
6.20132467920228,15.8767410944892,0
6.21051396462397,15.8298956528228,0
6.21987994670778,15.783119620925,0
6.22942191975819,15.7364135740899,0
6.23913916773434,15.6897780842634,0
6.24903096448981,15.6432137199577,0
6.25909657401451,15.5967210461643,0
6.26933525067799,15.5503006242667,0
6.27974623947169,15.5039530119643,0
6.29032877625383,15.4576787631892,0
6.301082087993,15.4114784280331,0
6.31200539301251,15.3653525526737,0
6.32309790123557,15.319301679301,0
6.33435881442926,15.2733263460502,0
6.34578732644857,15.2274270869355,0
6.35738262347944,15.1816044317881,0
6.36914388428269,15.1358589061915,0
6.38107028043526,15.0901910314257,0
6.39316097657234,15.0446013244074,0
6.40541513062655,14.9990902976399,0
6.41783189406662,14.9536584591619,0
6.43041041213609,14.9083063124936,0
6.44314982408845,14.8630343565937,0
6.45604926342186,14.8178430858133,0
6.46910785811147,14.7727329898549,0
6.4823247308402,14.7277045537321,0
6.49569899922792,14.6827582577309,0
6.50922977605793,14.6378945773743,0
6.52291616950142,14.59311398339,0
6.53675728333971,14.5484169416779,0
6.55075221718395,14.5038039132823,0
6.56490006669262,14.4592753543637,0
6.57919992378621,14.4148317161743,0
6.59365087686002,14.3704734450327,0
6.60825201099268,14.3262009823058,0
6.62300240815266,14.2820147643899,0
6.63790114740351,14.2379152226885,0
6.65294730510292,14.193902783603,0
6.66813995510204,14.1499778685138,0
6.68347816894022,14.1061408937693,0
6.69896101603539,14.0623922706796,0
6.71458756387476,14.0187324055021,0
6.73035687819855,13.9751616994393,0
6.74626802318437,13.9316805486278,0
6.76232006162477,13.8882893441388,0
6.77851205510269,13.8449884719768,0
6.79484306416606,13.801778313073,0
6.81131214849527,13.7586592432906,0
6.82791836707087,13.7156316334221,0
6.8446607783343,13.6726958491978,0
6.86153844034782,13.629852251288,0
6.87855041095218,13.5871011953046,0
6.89569574791653,13.5444430318149,0
6.91297350909036,13.5018781063426,0
6.93038275254785,13.4594067593815,0
6.94792253673001,13.4170293264064,0
6.96559192058566,13.37474613788,0
6.9833899637059,13.3325575192693,0
7.00131572645864,13.2904637910536,0
7.01936827011581,13.2484652687445,0
7.03754665697972,13.2065622628998,0
7.05584995050751,13.164755079136,0
7.07427721542959,13.1230440181471,0
7.0928275178672,13.0814293757198,0
7.11149992544342,13.0399114427576,0
7.1302935073948,12.9984905052946,0
7.14920733467845,12.9571668445165,0
7.16824048007506,12.9159407367816,0
7.18739201829202,12.8748124536371,0
7.2066610260577,12.8337822618487,0
7.22604658221802,12.7928504234185,0
7.24554776782981,12.752017195604,0
7.26516366624691,12.711282830948,0
7.28489336320883,12.6706475772965,0
7.30473594692311,12.6301116778244,0
7.32469050814413,12.589675371064,0
7.34475614025426,12.5493388909218,0
7.36493193933585,12.509102466711,0
7.38521700424559,12.4689663231723,0
7.40561043668391,12.4289306805008,0
7.4261113412608,12.3889957543747,0
7.44671882556263,12.3491617559778,0
7.46743200021247,12.3094288920294,0
7.48824997893212,12.2697973648069,0
7.50917187859841,12.2302673721754,0
7.53019681929609,12.1908391076189,0
7.55132392437372,12.1515127602615,0
7.57255232049381,12.1122885148958,0
7.59388113768102,12.0731665520109,0
7.6153095093668,12.0341470478235,0
7.63683657243424,11.995230174304,0
7.65846146726204,11.9564160992005,0
7.68018333776136,11.9177049860735,0
7.70200133141766,11.8790969943162,0
7.72391459932379,11.8405922791892,0
7.74592229621421,11.8021909918478,0
7.76802358050042,11.7638932793651,0
7.79021761429868,11.7256992847659,0
7.81250356346093,11.6876091470504,0
7.83488059760135,11.6496230012244,0
7.85734789012087,11.6117409783289,0
7.87990461823315,11.5739632054645,0
7.90254996298559,11.5362898058222,0
7.92528310928179,11.4987208987085,0
7.94810324590002,11.4612565995749,0
7.97100956551043,11.4238970200471,0
7.99400126469328,11.3866422679502,0
8.01707754395345,11.3494924473369,0
8.04023760773563,11.3124476585135,0
8.06348066443516,11.2755079980702,0
8.08680592641008,11.2386735589076,0
8.11021260999353,11.2019444302597,0
8.13369993549949,11.1653206977273,0
8.15726712723334,11.1288024433,0
8.18091341349878,11.0923897453832,0
8.20463802660146,11.0560826788285,0
8.22844020285655,11.0198813149556,0
8.25231918259127,10.9837857215806,0
8.27627421014877,10.9477959630412,0
8.30030453388882,10.9119121002245,0
8.32440940618971,10.8761341905916,0
8.34858808345011,10.840462288201,0
8.37283982608505,10.80489644374,0
8.39716389852894,10.7694367045425,0
8.42155956923096,10.7340831146193,0
8.44602611065095,10.6988357146844,0
8.47056279926126,10.6636945421721,0
8.49516891553617,10.6286596312717,0
8.5198437439519,10.5937310129443,0
8.54458657298006,10.5589087149497,0
8.5693966950791,10.5241927618739,0
8.59427340669287,10.4895831751459,0
8.61921600823777,10.4550799730702,0
8.64422380410016,10.4206831708428,0
8.66929610262649,10.3863927805777,0
8.69443221611173,10.3522088113351,0
8.71963146079683,10.3181312691342,0
8.74489315685266,10.2841601569871,0
8.77021662837385,10.2502954749157,0
8.79560120337006,10.2165372199725,0
8.82104621374953,10.182885386272,0
8.84655099531492,10.1493399650027,0
8.87211488774798,10.1159009444561,0
8.89773723459817,10.0825683100481,0
8.92341738327229,10.049342044339,0
8.94915468502088,10.0162221270574,0
8.97494849492808,9.98320853511886,0
9.00079817189654,9.95030124265084,0
9.02670307863461,9.91750022101408,0
9.05266258164465,9.88480543882187,0
9.07867605120899,9.85221686196236,0
9.10474286137704,9.81973445361871,0
9.13086238995086,9.78735817429114,0
9.15703401846999,9.75508798181951,0
9.18325713220019,9.72292383140021,0
9.20953112011848,9.69086567560793,0
9.23585537489791,9.65891346441749,0
9.26222929289343,9.62706714522368,0
9.28865227412661,9.5953266628626,0
9.31512372227362,9.5636919596283,0
9.34164304464852,9.53216297529563,0
9.36820965218829,9.50073964714022,0
9.39482295943965,9.46942190995626,0
9.42148238454158,9.43820969607953,0
9.44818734921225,9.40710293540455,0
9.47493727873366,9.37610155540452,0
9.50173160193765,9.34520548114947,0
9.52856975118841,9.31441463532872,0
9.55545116236817,9.28372893826899,0
9.58237527486337,9.25314830795208,0
9.60934153154777,9.22267266003602,0
9.63634937877013,9.19230190787064,0
9.66339826633553,9.16203596252095,0
9.69048764749068,9.13187473278533,0
9.717616978912,9.10181812521036,0
9.7447857206867,9.07186604411423,0
9.77199333630148,9.04201839160075,0
9.79923929262329,9.01227506758299,0
9.82652305988578,8.98263596979987,0
9.85384411167635,8.95310099383221,0
9.88120192491823,8.92367003312456,0
9.90859597985888,8.89434297899958,0
9.93602576005075,8.86511972068141,0
9.96349075233823,8.83600014531172,0
9.99099044684477,8.80698413796556,0
10.018524336955,8.77807158167309,0
10.0460919193037,8.74926235743329,0
10.0736926937571,8.72055634423688,0
10.1013261633985,8.69195341908363,0
10.1289918345181,8.66345345699523,0
10.1566892165932,8.63505633103947,0
10.1844178222778,8.60676191234339,0
10.2121771673849,8.57857007011472,0
10.2399667708733,8.55048067165793,0
10.2677861548352,8.52249358239069,0
10.295634844478,8.49460866586531,0
10.3235123681153,8.46682578378067,0
10.3514182571475,8.43914479600628,0
10.3793520460498,8.41156556059677,0
10.4073132723611,8.38408793380673,0
10.4353014766643,8.35671177011463,0
10.4633162025776,8.32943692223427,0
10.4913569967389,8.30226324113468,0
10.5194234087897,8.27519057605966,0
10.5475149913655,8.24821877454118,0
10.5756313000784,8.22134768242051,0
10.603771893507,8.19457714386177,0
10.6319363331806,8.16790700137217,0
10.6601241835646,8.14133709582029,0
10.6883350120518,8.11486726644799,0
10.7165683889436,8.08849735089447,0
10.7448238874403,8.06222718520844,0
10.7731010836274,8.03605660386702,0
10.8013995564597,8.00998543979493,0
10.8297188877532,7.984013524377,0
10.8580586621657,7.95814068748141,0
10.8864184671908,7.93236675747026,0
10.9147978931403,7.9066915612207,0
10.94319653313,7.88111492414372,0
10.9716139830738,7.85563667019425,0
11.0000498416623,7.83025662189663,0
11.0285037103564,7.80497460035526,0
11.0569751933733,7.77979042527316,0
11.0854638976693,7.75470391497309,0
11.1139694329356,7.72971488640626,0
11.142491411578,7.70482315517711,0
11.1710294487073,7.68002853555691,0
11.1995831621288,7.65533084049914,0
11.2281521723264,7.63072988165916,0
11.2567361024543,7.60622546940755,0
11.2853345783181,7.58181741285283,0
11.31394722837,7.55750551985137,0
11.3425736836936,7.5332895970264,0
11.3712135779874,7.50916944978909,0
11.3998665475609,7.4851448823472,0
11.4285322313149,7.46121569772909,0
11.4572102707329,7.43738169779638,0
11.4859003098701,7.41364268325999,0
11.5146019953378,7.38999845369987,0
11.543314976295,7.36644880757783,0
11.5720389044324,7.34299354225802,0
11.600773433964,7.31963245401979,0
11.6295182216152,7.29636533807412,0
11.6582729266068,7.27319198858354,0
11.6870372106477,7.25011219867448,0
11.7158107379188,7.22712576045717,0
11.7445931750647,7.20423246503857,0
11.7733841911818,7.18143210253872,0
11.8021834578021,7.15872446211087,0
11.8309906488874,7.13610933195191,0
11.8598054408108,7.11358649932473,0
11.8886275123503,7.09115575056926,0
11.9174565446774,7.06881687111823,0
11.9462922213398,7.04656964551767,0
11.9751342282554,7.02441385743828,0
12.0039822536951,7.00234928969549,0
12.0328359882762,6.98037572426108,0
12.0616951249495,6.95849294227997,0
12.0905593589835,6.93670072408912,0
12.1194283879591,6.91499884922821,0
12.1483019117517,6.89338709645992,0
12.1771796325228,6.87186524378299,0
12.2060612547105,6.85043306844592,0
12.2349464850118,6.82909034696709,0
12.2638350323759,6.80783685514633,0
12.2927266079898,6.78667236808244,0
12.3216209252679,6.76559666018713,0
12.3505176998416,6.74460950519925,0
12.379416649544,6.72371067620321,0
12.4083174944017,6.70289994564084,0
12.4372199566198,6.68217708532913,0
12.4661237605731,6.66154186647303,0
12.4950286327956,6.64099405967943,0
12.5239343019624,6.62053343497661,0
12.5528404988855,6.60015976182379,0
12.5817469564971,6.57987280912924,0
12.6106534098395,6.55967234526357,0
12.6395595960566,6.53955813807236,0
12.6684652543743,6.51952995489623,0
12.6973701260975,6.49958756257873,0
12.7262739545922,6.47973072748533,0
12.7551764852772,6.45995921551529,0
12.7840774656126,6.44027279211542,0
12.8129766450831,6.42067122229806,0
12.8418737751943,6.40115427064923,0
12.8707686094535,6.38172170134788,0
12.8996609033621,6.36237327817681,0
12.9285504144043,6.34310876453634,0
12.9574369020312,6.32392792346075,0
12.9863201276554,6.3048305176275,0
13.0151998546322,6.28581630937591,0
13.0440758482528,6.26688506071672,0
13.0729478757336,6.24803653334524,0
13.1018157061967,6.2292704886597,0
13.1306791106685,6.21058668776744,0
13.1595378620605,6.19198489150296,0
13.1883917351591,6.17346486044032,0
13.2172405066176,6.15502635490277,0
13.2460839549374,6.13666913498112,0
13.274921860465,6.11839296054014,0
13.3037540053729,6.10019759123634,0
13.3325801736486,6.08208278652985,0
13.36140015109,6.06404830569228,0
13.390213725283,6.04609390782618,0
13.4190206855989,6.02821935187108,0
13.4478208231775,6.01042439661929,0
13.4766139309151,5.99270880072794,0
13.505399803457,5.97507232272837,0
13.53417823718,5.95751472104179,0
13.5629490301877,5.9400357539861,0
13.5917119822917,5.92263517979276,0
13.6204668950024,5.90531275661643,0
13.6492135715196,5.8880682425447,0
13.6779518167163,5.87090139561314,0
13.706681437133,5.85381197381166,0
13.7354022409598,5.83679973510072,0
13.7641140380263,5.81986443742075,0
13.7928166397941,5.80300583870041,0
13.8215098593381,5.78622369687254,0
13.8501935113413,5.76951776988007,0
13.8788674120792,5.75288781568978,0
13.9075313794074,5.73633359230299,0
13.9361852327546,5.71985485776314,0
13.9648287931041,5.70345137017066,0
13.9934618829894,5.68712288768839,0
14.0220843264779,5.67086916855498,0
14.0506959491579,5.65468997109551,0
14.0792965781328,5.63858505372808,0
14.1078860420027,5.62255417497761,0
14.1364641708596,5.60659709348151,0
14.1650307962691,5.59071356800371,0
14.1935857512615,5.57490335744206,0
14.2221288703241,5.55916622083568,0
14.2506599893816,5.5435019173792,0
14.2791789457933,5.5279102064267,0
14.3076855783345,5.51239084750504,0
14.3361797271863,5.49694360032193,0
14.3646612339301,5.48156822477157,0
14.3931299415262,5.46626448094923,0
14.4215856943109,5.45103212915477,0
14.4500283379817,5.43587092990328,0
14.4784577195824,5.42078064393571,0
14.5068736874999,5.40576103222222,0
14.535276091443,5.39081185597664,0
14.5636647824391,5.37593287665926,0
14.5920396128204,5.3611238559869,0
14.6204004362071,5.34638455594385,0
14.6487471075074,5.33171473878321,0
14.6770794828937,5.31711416704175,0
14.7053974197997,5.30258260354292,0
14.7337007769079,5.28811981140501,0
14.7619894141341,5.27372555405121,0
14.7902631926229,5.25939959521286,0
14.8185219747285,5.24514169894149,0
14.8467656240113,5.23095162961149,0
14.8749940052225,5.21682915192956,0
14.9032069842921,5.20277403094224,0
14.9314044283238,5.18878603203912,0
14.9595862055746,5.17486492096531,0
14.9877521854522,5.16101046382276,0
15.0159022385015,5.14722242707876,0
15.0440362363891,5.13350057757453,0
15.0721540519012,5.1198446825267,0
15.1002555589242,5.10625450953845,0
15.1283406324385,5.09272982660294,0
15.1564091485081,5.07927040210894,0
15.1844609842658,5.06587600484931,0
15.212496017908,5.05254640402343,0
15.2405141286782,5.03928136924642,0
15.2685151968606,5.0260806705521,0
15.2964991037696,5.01294407839868,0
15.324465731735,4.99987136367649,0
15.3524149640971,4.98686229770998,0
15.3803466851894,4.97391665226702,0
15.4082607803346,4.96103419956005,0
15.4361571358339,4.94821471225183,0
15.4640356389488,4.93545796346397,0
15.4918961779009,4.92276372677693,0
15.5197386418547,4.910131776238,0
15.5475629209092,4.89756188636509,0
15.5753689060908,4.8850538321498,0
15.6031564893376,4.8726073890647,0
15.6309255634941,4.86022233306498,0
15.6586760222971,4.84789844059527,0
15.6864077603688,4.83563548859162,0
15.7141206732068,4.82343325448617,0
15.7418146571702,4.81129151621282,0
15.7694896094764,4.79921005220793,0
15.7971454281834,4.78718864141798,0
15.8247820121846,4.775227063301,0
15.8523992612019,4.76332509782902,0
15.8799970757686,4.751482525495,0
15.9075753572264,4.73969912731327,0
15.9351340077093,4.72797468482596,0
15.9626729301398,4.71630898010354,0
15.9901920282197,4.70470179574785,0
16.0176912064144,4.69315291489839,0
16.0451703699498,4.68166212123229,0
16.0726294247973,4.67022919896978,0
16.1000682776704,4.65885393287453,0
16.1274868360122,4.64753610825795,0
16.154885007985,4.63627551098229,0
16.1822627024661,4.62507192746127,0
16.2096198290303,4.61392514466636,0
16.2369562979485,4.60283495012568,0
16.264272020178,4.59180113192697,0
16.2915669073467,4.5808234787229,0
16.3188408717535,4.56990177972901,0
16.3460938263525,4.55903582472935,0
16.3733256847466,4.54822540407721,0
16.4005363611806,4.5374703086966,0
16.4277257705269,4.52677033008644,0
16.454893828286,4.51612526031868,0
16.4820404505683,4.50553489204419,0
16.5091655540894,4.49499901849287,0
16.5362690561666,4.48451743347318,0
16.5633508747008,4.47408993137802,0
16.5904109281763,4.46371630718261,0
16.6174491356482,4.45339635644802,0
16.6444654167339,4.44312987532242,0
16.6714596916099,4.43291666054046,0
16.6984318809962,4.42275650942771,0
16.725381906155,4.41264921989895,0
16.7523096888776,4.40259459046152,0
16.779215151479,4.39259242021515,0
16.8060982167903,4.38264250885315,0
16.8329588081479,4.37274465666426,0
16.8597968493917,4.36289866453124,0
16.8866122648479,4.35310433393558,0
16.9134049793304,4.34336146695455,0
16.9401749181307,4.33366986626283,0
16.9669220070037,4.32402933513592,0
16.9936461721713,4.31443967744629,0
17.0203473403068,4.30490069766709,0
17.0470254385284,4.29541220087237,0
17.073680394395,4.28597399273605,0
17.1003121358958,4.27658587953379,0
17.126920591447,4.26724766814156,0
17.1535056898803,4.25795916603766,0
17.1800673604351,4.24872018130321,0
17.2066055327569,4.23953052262009,0
17.2331201368866,4.23038999927258,0
17.2596111032522,4.22129842114788,0
17.2860783626651,4.21225559873483,0
17.3125218463118,4.20326134312455,0
17.3389414857458,4.19431546601065,0
17.3653372128834,4.18541777968839,0
17.3917089599952,4.17656809705482,0
17.4180566596993,4.16776623160899,0
17.4443802449564,4.15901199745078,0
17.4706796490614,4.15030520928134,0
17.4969548056378,4.14164568240236,0
17.5232056486314,4.13303323271582,0
17.5494321123036,4.12446767672327,0
17.5756341312256,4.11594883152554,0
17.6018116402697,4.10747651482288,0
17.6279645746084,4.09905054491238,0
17.6540928697028,4.09067074068963,0
17.6801964612978,4.08233692164721,0
17.7062752854202,4.07404890787271,0
17.7323292783658,4.06580652005049,0
17.758358376699,4.05760957945883,0
17.7843625172451,4.04945790796979,0
17.810341637083,4.04135132804886,0
17.8362956735431,4.03328966275291,0
17.8622245641966,4.02527273573071,0
17.8881282468544,4.01730037122076,0
17.914006659559,4.00937239405082,0
17.9398597405788,4.00148862963711,0
17.9656874284055,3.99364890398217,0
17.991489661744,3.98585304367549,0
18.01726637951,3.97810087589112,0
18.043017520826,3.97039222838627,0
18.0687430250121,3.96272692950131,0
18.0944428315837,3.95510480815762,0
18.1201168802444,3.94752569385697,0
18.1457651108829,3.93998941667944,0
18.1713874635674,3.93249580728248,0
18.1969838785385,3.92504469690009,0
18.2225542962066,3.91763591734076,0
18.2480986571453,3.91026930098657,0
18.2736169020884,3.90294468079112,0
18.299108971924,3.89566189027852,0
18.3245748076888,3.88842076354216,0
18.3500143505644,3.88122113524287,0
18.3754275418731,3.87406284060721,0
18.400814323072,3.86694571542646,0
18.4261746357491,3.85986959605466,0
18.45150842162,3.85283431940669,0
18.4768156225206,3.84583972295765,0
18.5020961804036,3.83888564474066,0
18.5273500373366,3.83197192334473,0
18.552577135495,3.8250983979137,0
18.5777774171586,3.81826490814434,0
18.6029508247071,3.81147129428477,0
18.6280973006159,3.80471739713264,0
18.6532167874527,3.79800305803311,0
18.6783092278725,3.79132811887738,0
18.7033745646143,3.78469242210072,0
18.728412740496,3.77809581068088,0
18.7534236984111,3.77153812813609,0
18.7784073813255,3.76501921852299,0
18.8033637322724,3.75853892643515,0
18.828292694349,3.75209709700101,0
18.8531942107122,3.7456935758821,0
18.878068224576,3.73932820927085,0
18.902914679207,3.73300084388879,0
18.927733517921,3.7267113269847,0
18.9525246840785,3.72045950633272,0
18.9772881210823,3.71424523023018,0
19.002023772374,3.70806834749548,0
19.0267315814292,3.70192870746665,0
19.0514114917556,3.69582615999866,0
19.0760634468894,3.6897605554617,0
19.1006873903902,3.68373174473944,0
19.1252832658391,3.67773957922667,0
19.1498510168366,3.67178391082701,0
19.1743905869968,3.66586459195127,0
19.1989019199462,3.65998147551517,0
19.2233849593198,3.65413441493723,0
19.2478396487573,3.64832326413689,0
19.272265931901,3.64254787753226,0
19.2966637523927,3.63680811003785,0
19.3210330538716,3.63110381706228,0
19.3453737799686,3.62543485450703,0
19.3696858743051,3.61980107876351,0
19.3939692804914,3.61420234671094,0
19.4182239421216,3.60863851571449,0
19.4424498027726,3.60310944362285,0
19.4666468059995,3.59761498876649,0
19.4908148953342,3.59215500995503,0
19.5149540142825,3.58672936647526,0
19.5390641063219,3.58133791808879,0
19.5631451148981,3.57598052502999,0
19.5871969834221,3.57065704800408,0
19.6112196552689,3.5653673481844,0
19.6352130737749,3.56011128721035,0
19.6591771822347,3.5548887271853,0
19.6831119238979,3.54969953067464,0
19.7070172419695,3.5445435607028,0
19.7308930796048,3.5394206807517,0
19.7547393799076,3.53433075475845,0
19.7785560859299,3.52927364711256,0
19.8023431406669,3.52424922265448,0
19.8261004870563,3.51925734667285,0
19.8498280679762,3.51429788490236,0
19.8735258262417,3.50937070352179,0
19.8971937046039,3.50447566915139,0
19.9208316457486,3.49961264885065,0
19.9444395922922,3.49478151011632,0
19.9680174867809,3.48998212088006,0
19.9915652716879,3.48521434950625,0
20.0150828894125,3.48047806478952,0
20.0385702822787,3.47577313595249,0
20.0620273925304,3.47109943264401,0
20.0854541623318,3.46645682493655,0
20.1088505337665,3.46184518332362,0
20.132216448833,3.45726437871822,0
20.1555518494447,3.45271428245007,0
20.178856677428,3.44819476626363,0
20.2021308745194,3.44370570231584,0
20.2253743823657,3.43924696317362,0
20.2485871425206,3.43481842181195,0
20.2717690964444,3.43041995161138,0
20.2949201855019,3.42605142635587,0
20.3180403509595,3.42171272023084,0
20.3411295339859,3.41740370782047,0
20.3641876756496,3.41312426410555,0
20.3872147169168,3.4088742644616,0
20.4102105986513,3.40465358465617,0
20.433175261611,3.40046210084709,0
20.4561086464483,3.39629968957996,0
20.4790106937089,3.39216622778568,0
20.5018813438288,3.38806159277882,0
20.5247205371336,3.3839856622551,0
20.5475282138384,3.37993831428894,0
20.5703043140445,3.37591942733176,0
20.5930487777396,3.37192888020942,0
20.6157615447969,3.3679665521199,0
20.6384425549716,3.36403232263169,0
20.6610917479021,3.36012607168096,0
20.6837090631084,3.35624767956962,0
20.7062944399898,3.35239702696322,0
20.7288478178247,3.34857399488864,0
20.7513691357692,3.34477846473209,0
20.7738583328565,3.34101031823666,0
20.7963153479953,3.33726943750035,0
20.8187401199692,3.33355570497381,0
20.8411325874355,3.32986900345831,0
20.8634926889236,3.32620921610355,0
20.8858203628353,3.32257622640533,0
20.9081155474427,3.31896991820379,0
20.9303781808884,3.31539017568071,0
20.9526082011844,3.31183688335783,0
20.9748055462092,3.3083099260948,0
20.9969701537102,3.3048091890866,0
21.0191019613005,3.30133455786179,0
21.0412009064589,3.29788591828034,0
21.0632669265297,3.29446315653132,0
21.0852999587208,3.29106615913109,0
21.1072999401032,3.2876948129211,0
21.1292668076111,3.28434900506575,0
21.1512004980407,3.28102862305025,0
21.1731009480492,3.27773355467876,0
21.194968094154,3.27446368807227,0
21.2168018727332,3.27121891166634,0
21.238602220024,3.26799911420918,0
21.2603690721219,3.26480418475977,0
21.2821023649812,3.26163401268547,0
21.3038020344131,3.25848848766035,0
21.3254680160858,3.25536749966286,0
21.3471002455249,3.25227093897392,0
21.368698658111,3.24919869617505,0
21.3902631890805,3.2461506621461,0
21.4117937735242,3.24312672806356,0
21.4332903463882,3.2401267853982,0
21.4547528424723,3.23715072591337,0
21.47618119643,3.23419844166294,0
21.4975753427677,3.23126982498933,0
21.5189352158448,3.22836476852149,0
21.5402607498733,3.22548316517301,0
21.5615518789169,3.22262490814013,0
21.5828085368914,3.21978989089982,0
21.6040306575634,3.21697800720789,0
21.625218174551,3.21418915109693,0
21.6463710213232,3.21142321687449,0
21.6674891311992,3.20868009912116,0
21.6885724373481,3.20595969268871,0
21.7096208727894,3.20326189269801,0
21.7306343703923,3.20058659453739,0
21.7516128628751,3.19793369386052,0
21.7725562828061,3.1953030865847,0
21.7934645626018,3.19269466888888,0
21.814337634528,3.19010833721199,0
21.8351754306993,3.18754398825082,0
21.8559778830789,3.1850015189583,0
21.8767449234785,3.18248082654176,0
21.8974764835578,3.17998180846097,0
21.9181724948248,3.17750436242635,0
21.9388328886359,3.17504838639715,0
21.9594575961953,3.1726137785797,0
21.9800465485554,3.17020043742553,0
22.0005996766162,3.16780826162964,0
22.0211169111257,3.16543715012868,0
22.0415981826798,3.16308700209923,0
22.0620434217226,3.16075771695591,0
22.0824525585456,3.15844919434971,0
22.1028255232876,3.15616133416646,0
22.1231622459366,3.15389403652453,0
22.1434626563278,3.15164720177358,0
22.163726684144,3.14942073049267,0
22.1839542589168,3.1472145234886,0
22.2041453100254,3.14502848179403,0
22.2242997666978,3.14286250666587,0
22.2444175580092,3.14071649958379,0
22.2644986128842,3.13859036224818,0
22.2845428600955,3.13648399657872,0
22.304550228265,3.13439730471248,0
22.3245206458627,3.13233018900257,0
22.3444540412078,3.13028255201624,0
22.3643503424691,3.12825429653329,0
22.3842094776645,3.12624532554444,0
22.4040313746613,3.12425554224973,0
22.4238159611764,3.12228485005682,0
22.4435631647776,3.12033315257943,0
22.4632729128817,3.11840035363576,0
22.4829451327564,3.11648635724682,0
22.5025797515208,3.1145910676348,0
22.5221766961445,3.11271438922163,0
22.5417358934479,3.11085622662731,0
22.5612572701032,3.10901648466834,0
22.5807407526351,3.10719506835611,0
22.6001862674198,3.1053918828955,0
22.6195937406862,3.10360683368319,0
22.6389630985161,3.10183982630617,0
22.6582942668441,3.10009076654022,0
22.6775871714588,3.09835956034841,0
22.6968417380026,3.09664611387947,0
22.7160578919723,3.09495033346643,0
22.7352355587187,3.0932721256251,0
22.7543746634487,3.09161139705242,0
22.7734751312239,3.08996805462527,0
22.7925368869621,3.08834200539857,0
22.8115598554374,3.08673315660435,0
22.8305439612808,3.08514141564975,0
22.8494891289807,3.08356669011597,0
22.8683952828827,3.08200888775666,0
22.8872623471914,3.0804679164964,0
22.9060902459693,3.07894368442953,0
22.9248789031386,3.07743609981841,0
22.9436282424812,3.07594507109232,0
22.9623381876392,3.07447050684572,0
22.9810086621149,3.07301231583723,0
22.9996395892731,3.07157040698786,0
23.0182308923399,3.07014468937993,0
23.0367824944031,3.06873507225558,0
23.0552943184149,3.0673414650153,0
23.0737662871904,3.06596377721674,0
23.0921983234092,3.06460191857324,0
23.1105903496152,3.06325579895262,0
23.1289422882184,3.06192532837558,0
23.1472540614956,3.06061041701475,0
23.1655255915884,3.05931097519301,0
23.1837568005075,3.05802691338241,0
23.2019476101315,3.05675814220274,0
23.2200979422072,3.05550457242029,0
23.2382077183515,3.05426611494648,0
23.2562768600514,3.05304268083673,0
23.2743052886649,3.05183418128905,0
23.2922929254213,3.05064052764278,0
23.3102396914231,3.04946163137738,0
23.3281455076453,3.04829740411117,0
23.3460102949374,3.04714775760005,0
23.3638339740237,3.04601260373618,0
23.3816164655035,3.04489185454705,0
23.3993576898532,3.04378542219392,0
23.4170575674258,3.0426932189707,0
23.4347160184536,3.04161515730281,0
23.4523329630466,3.04055114974595,0
23.4699083211946,3.03950110898494,0
23.4874420127694,3.03846494783241,0
23.5049339575232,3.03744257922773,0
23.5223840750912,3.03643391623574,0
23.539792284992,3.03543887204575,0
23.5571585066287,3.03445735997024,0
23.5744826592899,3.03348929344373,0
23.5917646621503,3.03253458602164,0
23.6090044342718,3.03159315137925,0
23.6262018946053,3.03066490331037,0
23.6433569619905,3.02974975572646,0
23.6604695551581,3.02884762265527,0
23.6775395927301,3.02795841823996,0
23.6945669932209,3.02708205673785,0
23.7115516750381,3.0262184525194,0
23.7284935564854,3.02536752006706,0
23.7453925557618,3.02452917397427,0
23.7622485909627,3.02370332894439,0
23.7790615800832,3.02288989978947,0
23.7958314410169,3.02208880142943,0
23.8125580915579,3.02129994889097,0
23.829241449403,3.02052325730631,0
23.8458814321516,3.01975864191236,0
23.8624779573076,3.01900601804977,0
23.8790309422811,3.01826530116164,0
23.8955403043887,3.01753640679277,0
23.9120059608555,3.0168192505884,0
23.9284278288167,3.01611374829356,0
23.9448058253184,3.01541981575175,0
23.9611398673193,3.01473736890415,0
23.977429871692,3.01406632378853,0
23.993675755225,3.0134065965384,0
24.0098774346233,3.012758103382,0
24.0260348265107,3.01212076064129,0
24.0421478474312,3.01149448473111,0
24.0582164138498,3.01087919215822,0
24.074240442155,3.01027479952028,0
24.0902198486606,3.00968122350515,0
24.1061545496064,3.00909838088963,0
24.12204446116,3.00852618853894,0
24.1378894994204,3.00796456340553,0
24.1536895804169,3.00741342252835,0
24.1694446201125,3.00687268303201,0
24.1851545344063,3.00634226212561,0
24.2008192391335,3.00582207710236,0
24.2164386500692,3.00531204533827,0
24.2320126829293,3.00481208429157,0
24.247541253372,3.00432211150182,0
24.2630242770018,3.00384204458895,0
24.2784616693693,3.00337180125268,0
24.2938533459742,3.00291129927149,0
24.3091992222681,3.00246045650195,0
24.3244992136555,3.00201919087776,0
24.3397532354968,3.0015874204093,0
24.3549612031103,3.00116506318242,0
24.3701230317749,3.000752037358,0
24.3852386367322,3.00034826117094,0
24.4003079331879,2.99995365292976,0
24.4153308363164,2.99956813101552,0
24.4303072612615,2.99919161388117,0
24.4452371231402,2.99882402005103,0
24.4601203370444,2.99846526811967,0
24.4749568180443,2.99811527675175,0
24.4897464811905,2.99777396468085,0
24.5044892415175,2.99744125070914,0
24.5191850140461,2.99711705370635,0
24.5338337137867,2.99680129260948,0
24.5484352557424,2.99649388642187,0
24.5629895549108,2.99619475421277,0
24.5774965262894,2.99590381511651,0
24.5919560848772,2.99562098833219,0
24.6063681456786,2.99534619312261,0
24.620732623706,2.99507934881415,0
24.6350494339847,2.99482037479588,0
24.6493184915561,2.99456919051915,0
24.6635397114794,2.99432571549704,0
24.6777130088382,2.99408986930356,0
24.6918382987428,2.9938615715736,0
24.7059154963345,2.99364074200186,0
24.7199445167891,2.99342730034287,0
24.7339252753212,2.99322116641004,0
24.7478576871897,2.99302226007556,0
24.7617416677002,2.99283050126968,0
24.7755771322112,2.99264580998048,0
24.7893639961378,2.99246810625315,0
24.8031021749553,2.99229731018986,0
24.8167915842067,2.99213334194936,0
24.8304321395059,2.99197612174629,0
24.8440237565427,2.99182556985108,0
24.8575663510888,2.9916816065897,0
24.871059839003,2.99154415234293,0
24.8845041362363,2.99141312754649,0
24.8978991588376,2.99128845269039,0
24.9112448229605,2.99117004831902,0
24.9245410448686,2.99105783503054,0
24.9377877409411,2.99095173347676,0
24.950984827681,2.99085166436331,0
24.9641322217195,2.99075754844864,0
24.9772298398235,2.99066930654472,0
24.9902775989043,2.99058685951637,0
25.0032754160223,2.99051012828128,0
25.0162232083948,2.99043903380988,0
25.0291208934052,2.99037349712543,0
25.0419683886096,2.9903134393039,0
25.0547656117445,2.99025878147368,0
25.0675124807362,2.99020944481616,0
25.0802089137091,2.99016535056518,0
25.0928548289934,2.9901264200075,0
25.1054501451358,2.99009257448285,0
25.1179947809086,2.9900637353839,0
25.1304886553185,2.99003982415655,0
25.1429316876174,2.99002076230025,0
25.1553237973131,2.99000647136796,0
25.1676649041786,2.9899968729666,0
25.179954928265,2.98999188875766,0
25.192193789912,2.9899914404567,0
25.2043814097591,2.98999544983506,0
25.2165177087584,2.99000383871887,0
25.2286026081885,2.99001652899067,0
25.2406360296653,2.99003344258943,0
25.2526178951569,2.99005450151128,0
25.2645481269974,2.99007962780994,0
25.2764266479003,2.9901087435978,0
25.2882533809758,2.99014177104627,0
25.3000282497449,2.99017863238685,0
25.3117511781543,2.99021924991207,0
25.3234220905946,2.99026354597599,0
25.3350409119187,2.99031144299562,0
25.3466075674564,2.99036286345205,0
25.3581219830353,2.99041772989109,0
25.3695840850005,2.99047596492488,0
25.3809938002323,2.99053749123309,0
25.3923510561687,2.99060223156431,0
25.4036557808267,2.99067010873751,0
25.414907902824,2.9907410456433,0
25.4261073514026,2.99081496524617,0
25.4372540564525,2.99089179058566,0
25.4483479485373,2.99097144477856,0
25.4593889589196,2.99105385102045,0
25.4703770195892,2.99113893258822,0
25.4813120632894,2.99122661284204,0
25.4921940235471,2.99131681522756,0
25.5030228347046,2.99140946327848,0
25.5137984319492,2.99150448061893,0
25.524520751347,2.99160179096633,0
25.5351897298771,2.99170131813428,0
25.5458053054682,2.99180298603549,0
25.556367417035,2.99190671868483,0
25.5668760045179,2.99201244020263,0
25.577331008922,2.9921200748187,0
25.5877323723611,2.99222954687548,0
25.5980800381018,2.99234078083209,0
25.6083739506078,2.99245370126856,0
25.6186140555898,2.99256823289031,0
25.6288003000558,2.99268430053203,0
25.6389326323619,2.99280182916375,0
25.6490110022685,2.99292074389446,0
25.659035360998,2.99304096997869,0
25.6690056612942,2.9931624328214,0
25.6789218574845,2.99328505798435,0
25.6887839055473,2.99340877119195,0
25.6985917631795,2.9935334983385,0
25.7083453898686,2.99365916549443,0
25.7180447469691,2.99378569891432,0
25.7276897977817,2.99391302504417,0
25.7372805076352,2.99404107052993,0
25.7468168439752,2.99416976222564,0
25.7562987764537,2.99429902720346,0
25.7657262770267,2.9944287927619,0
25.7750993200558,2.99455898643751,0
25.7844178824117,2.9946895360147,0
25.793681943587,2.99482036953719,0
25.802891485814,2.99495141532021,0
25.8120464941868,2.99508260196271,0
25.8211469567925,2.99521385836107,0
25.8301928648469,2.99534511372406,0
25.8391842128384,2.99547629758633,0
25.848120998681,2.99560733982486,0
25.857003223873,2.99573817067658,0
25.8658308936672,2.99586872075511,0
25.8746040172492,2.99599892107002,0
25.8833226079251,2.99612870304712,0
25.8919866833209,2.9962579985491,0
25.9005962655929,2.996386739899,0
25.9091513816515,2.99651485990313,0
25.9176520633953,2.99664229187641,0
25.9260983479612,2.99676896967118,0
25.93449027799,2.9968948277035,0
25.9428279019053,2.99701980098586,0
25.9511112742123,2.99714382515675,0
25.9593404558116,2.99726683651948,0
25.9675155143367,2.99738877207609,0
25.9756365245097,2.99750956956623,0
25.9837035685202,2.99762916751275,0
25.9917167364274,2.99774750526158,0
25.9996761265912,2.99786452303481,0
26.00758184613,2.99798016197706,0
26.0154340114064,2.99809436421383,0
26.0232327485498,2.99820707290875,0
26.0309781940115,2.99831823232613,0
26.0386704951574,2.99842778789911,0
26.0463098109049,2.99853568630078,0
26.0538963124021,2.99864187552203,0
26.0614301837542,2.99874630495734,0
26.0689116228045,2.99884892548904,0
26.0763408419717,2.99894968958991,0
26.0837180691471,2.99904855142234,0
26.09104354866,2.999145466953,0
26.0983175423164,2.99924039407196,0
26.1055403305157,2.99933329272402,0
26.1127122134546,2.99942412505086,0
26.1198335124247,2.99951285554113,0
26.1269045712145,2.99959945119948,0
26.1339257576245,2.99968388172198,0
26.1408974651021,2.99976611969617,0
26.1478201145164,2.99984614080094,0
26.1546941560799,2.99992392405619,0
26.1603556071405,2.99992392747675,0
