13.4032709494938,18.941484770319,0
13.4033048175715,18.9053991166642,0
13.4034063372983,18.8693826382297,0
13.4035753819153,18.8334352687793,0
13.4038118246633,18.7975569420765,0
13.4041155387832,18.761747591885,0
13.4044863975159,18.7260071519687,0
13.4049242741022,18.6903355560911,0
13.4054290417831,18.6547327380159,0
13.4060005737995,18.6191986315069,0
13.4066387433922,18.5837331703277,0
13.4073434238021,18.5483362882421,0
13.4081144882702,18.5130079190136,0
13.4089518100373,18.477747996406,0
13.4098552623442,18.442556454183,0
13.410824718432,18.4074332261083,0
13.4118600515415,18.3723782459455,0
13.4129611349136,18.3373914474584,0
13.4141278417891,18.3024727644107,0
13.4153600454089,18.267622130566,0
13.4166576190141,18.232839479688,0
13.4180204358453,18.1981247455404,0
13.4194483691436,18.1634778618869,0
13.4209412921498,18.1288987624913,0
13.4224990781048,18.0943873811171,0
13.4241216002495,18.0599436515281,0
13.4258087318248,18.0255675074879,0
13.4275603460716,17.9912588827603,0
13.4293763162307,17.9570177111089,0
13.4312565155431,17.9228439262975,0
13.4332008172497,17.8887374620898,0
13.4352090945913,17.8546982522493,0
13.4372812208088,17.8207262305398,0
13.4394170691432,17.786821330725,0
13.4416165128352,17.7529834865686,0
13.4438794251259,17.7192126318343,0
13.446205679256,17.6855087002858,0
13.4485951484666,17.6518716256867,0
13.4510477059984,17.6183013418007,0
13.4535632250923,17.5847977823916,0
13.4561415789893,17.551360881223,0
13.4587826409303,17.5179905720586,0
13.4614862841561,17.4846867886622,0
13.4642523819076,17.4514494647973,0
13.4670808074257,17.4182785342277,0
13.4699714339513,17.3851739307171,0
13.4729241347254,17.3521355880291,0
13.4759387829887,17.3191634399275,0
13.4790152519821,17.286257420176,0
13.4821534149467,17.2534174625382,0
13.4853531451232,17.2206435007778,0
13.4886143157525,17.1879354686585,0
13.4919368000756,17.155293299944,0
13.4953204713333,17.122716928398,0
13.4987652027665,17.0902062877842,0
13.5022708676161,17.0577613118663,0
13.505837339123,17.025381934408,0
13.5094644905281,16.9930680891729,0
13.5131521950723,16.9608197099247,0
13.5169003259964,16.9286367304272,0
13.5207087565414,16.896519084444,0
13.5245773599482,16.8644667057388,0
13.5285060094576,16.8324795280753,0
13.5324945783105,16.8005574852172,0
13.5365429397478,16.7687005109283,0
13.5406509670104,16.736908538972,0
13.5448185333393,16.7051815031123,0
13.5490455119752,16.6735193371127,0
13.5533317761591,16.6419219747369,0
13.5576771991319,16.6103893497487,0
13.5620816541344,16.5789213959117,0
13.5665450144076,16.5475180469896,0
13.5710671531923,16.5161792367461,0
13.5756479437294,16.4849048989449,0
13.5802872592599,16.4536949673497,0
13.5849849730245,16.4225493757242,0
13.5897409582643,16.391468057832,0
13.5945550882201,16.3604509474369,0
13.5994272361327,16.3294979783025,0
13.6043572752431,16.2986090841926,0
13.6093450787922,16.2677841988708,0
13.6143905200208,16.2370232561008,0
13.6194934721699,16.2063261896463,0
13.6246538084803,16.175692933271,0
13.6298714021929,16.1451234207386,0
13.6351461265486,16.1146175858128,0
13.6404778547884,16.0841753622572,0
13.645866460153,16.0537966838356,0
13.6513118158834,16.0234814843116,0
13.6568137952205,15.993229697449,0
13.6623722714051,15.9630412570114,0
13.6679871176782,15.9329160967625,0
13.6736582072807,15.902854150466,0
13.6793854134534,15.8728553518855,0
13.6851686094372,15.8429196347849,0
13.691007668473,15.8130469329278,0
13.6969024638017,15.7832371800778,0
13.7028528686642,15.7534903099987,0
13.7088587563014,15.7238062564541,0
13.7149199999542,15.6941849532077,0
13.7210364728634,15.6646263340233,0
13.72720804827,15.6351303326645,0
13.7334345994149,15.605696882895,0
13.7397159995388,15.5763259184785,0
13.7460521218828,15.5470173731787,0
13.7524428396878,15.5177711807592,0
13.7588880261945,15.4885872749838,0
13.7653875546439,15.4594655896162,0
13.7719412982769,15.43040605842,0
13.7785491303344,15.4014086151589,0
13.7852109240573,15.3724731935967,0
13.7919265526864,15.343599727497,0
13.7986958894626,15.3147881506235,0
13.8055188076269,15.2860383967398,0
13.8123951804202,15.2573503996098,0
13.8193248810832,15.228724092997,0
13.826307782857,15.2001594106652,0
13.8333437589823,15.1716562863781,0
13.8404326827002,15.1432146538993,0
13.8475744272514,15.1148344469925,0
13.8547688658769,15.0865155994215,0
13.8620158718176,15.0582580449498,0
13.8693153183143,15.0300617173413,0
13.8766670786079,15.0019265503596,0
13.8840710259394,14.9738524777683,0
13.8915270335496,14.9458394333312,0
13.8990349746794,14.917887350812,0
13.9065947225697,14.8899961639743,0
13.9142061504614,14.8621658065819,0
13.9218691315954,14.8343962123985,0
13.9295835392126,14.8066873151876,0
13.9373492465538,14.779039048713,0
13.94516612686,14.7514513467385,0
13.953034053372,14.7239241430277,0
13.9609528993307,14.6964573713442,0
13.9689225379771,14.6690509654518,0
13.976942842552,14.6417048591142,0
13.9850136862963,14.614418986095,0
13.9931349424509,14.587193280158,0
14.0013064842566,14.5600276750668,0
14.0095281849545,14.5329221045851,0
14.0177999177853,14.5058765024766,0
14.0261215559899,14.4788908025051,0
14.0344929728093,14.4519649384341,0
14.0429140414844,14.4250988440274,0
14.051384635256,14.3982924530487,0
14.0599046273649,14.3715456992617,0
14.0684738910522,14.34485851643,0
14.0770922995587,14.3182308383173,0
14.0857597261253,14.2916625986874,0
14.0944760439928,14.2651537313039,0
14.1032411264023,14.2387041699305,0
14.1120548465944,14.212313848331,0
14.1209170778103,14.1859827002689,0
14.1298276932906,14.159710659508,0
14.1387865662764,14.133497659812,0
14.1477935700085,14.1073436349445,0
14.1568485777278,14.0812485186693,0
14.1659514626752,14.05521224475,0
14.1751020980916,14.0292347469504,0
14.1843003572179,14.0033159590341,0
14.193546113295,13.9774558147648,0
14.2028392395637,13.9516542479062,0
14.2121796092649,13.925911192222,0
14.2215670956396,13.9002265814759,0
14.2310015719287,13.8746003494316,0
14.2404829113729,13.8490324298527,0
14.2500109872133,13.8235227565029,0
14.2595856726906,13.7980712631461,0
14.2692068410459,13.7726778835457,0
14.2788743655199,13.7473425514656,0
14.2885881193536,13.7220652006694,0
14.2983479757879,13.6968457649208,0
14.3081538080636,13.6716841779834,0
14.3180054894217,13.6465803736211,0
14.3279028931029,13.6215342855974,0
14.3378458923484,13.5965458476761,0
14.3478343603988,13.5716149936209,0
14.3578681704951,13.5467416571954,0
14.3679471958782,13.5219257721633,0
14.3780713097891,13.4971672722884,0
14.3882403854684,13.4724660913342,0
14.3984542961573,13.4478221630646,0
14.4087129150965,13.4232354212432,0
14.4190161155269,13.3987057996336,0
14.4293637706895,13.3742332319996,0
14.4397557538251,13.3498176521049,0
14.4501919381746,13.3254589937132,0
14.4606721969789,13.301157190588,0
14.471196403479,13.2769121764932,0
14.4817644309156,13.2527238851925,0
14.4923761525296,13.2285922504494,0
14.5030314415621,13.2045172060278,0
14.5137301712538,13.1804986856912,0
14.5244722148456,13.1565366232034,0
14.5352574455785,13.1326309523281,0
14.5460857366934,13.108781606829,0
14.556956961431,13.0849885204697,0
14.5678709930323,13.0612516270139,0
14.5788277047383,13.0375708602254,0
14.5898269697897,13.0139461538678,0
14.6008686614275,12.9903774417048,0
14.6119526528926,12.9668646575002,0
14.6230788174258,12.9434077350175,0
14.6342470282681,12.9200066080205,0
14.6454571586603,12.8966612102729,0
14.6567090818433,12.8733714755383,0
14.6680026710581,12.8501373375805,0
14.6793377995455,12.8269587301631,0
14.6907143405464,12.8038355870499,0
14.7021321673016,12.7807678420045,0
14.7135911530522,12.7577554287905,0
14.7250911710389,12.7347982811718,0
14.7366320945027,12.711896332912,0
14.7482137966844,12.6890495177748,0
14.759836150825,12.6662577695239,0
14.7714990301653,12.6435210219229,0
14.7832023079462,12.6208392087355,0
14.7949458574087,12.5982122637255,0
14.8067295517935,12.5756401206566,0
14.8185532643416,12.5531227132923,0
14.830416868294,12.5306599753965,0
14.8423202368913,12.5082518407328,0
14.8542632433747,12.4858982430648,0
14.8662457609849,12.4635991161564,0
14.8782676629629,12.4413543937711,0
14.8903288225494,12.4191640096727,0
14.9024291129856,12.3970278976248,0
14.9145684075121,12.3749459913912,0
14.9267465793699,12.3529182247355,0
14.9389635017999,12.3309445314214,0
14.951219048043,12.3090248452127,0
14.9635130913401,12.2871590998729,0
14.9758455049321,12.2653472291659,0
14.9882161620598,12.2435891668552,0
15.0006249359641,12.2218848467046,0
15.013071699886,12.2002342024777,0
15.0255563270663,12.1786371679383,0
15.0380786907459,12.1570936768501,0
15.0506386641658,12.1356036629767,0
15.0632361205667,12.1141670600818,0
15.0758709331896,12.0927838019291,0
15.0885429752754,12.0714538222823,0
15.101252120065,12.0501770549051,0
15.1139982407992,12.0289534335612,0
15.126781210719,12.0077828920143,0
15.1396009030652,11.986665364028,0
15.1524571910787,11.9656007833661,0
15.1653499480005,11.9445890837922,0
15.1782790470714,11.92363019907,0
15.1912443615322,11.9027240629633,0
15.204245764624,11.8818706092357,0
15.2172831295875,11.8610697716509,0
15.2303563296637,11.8403214839726,0
15.2434652380935,11.8196256799644,0
15.2566097281177,11.7989822933901,0
15.2697896729773,11.7783912580134,0
15.2830049459131,11.757852507598,0
15.296255420166,11.7373659759075,0
15.3095409689769,11.7169315967056,0
15.3228614655867,11.696549303756,0
15.3362167832363,11.6762190308225,0
15.3496067951666,11.6559407116686,0
15.3630313746185,11.6357142800582,0
15.3764903948328,11.6155396697548,0
15.3899837290505,11.5954168145222,0
15.4035112505124,11.5753456481241,0
15.4170728324595,11.5553261043241,0
15.4306683481326,11.535358116886,0
15.4442976707726,11.5154416195733,0
15.4579606736204,11.4955765461499,0
15.4716572299169,11.4757628303795,0
15.485387212903,11.4560004060256,0
15.4991504958195,11.436289206852,0
15.5129469519074,11.4166291666224,0
15.5267764544076,11.3970202191005,0
15.5406388765609,11.3774622980499,0
15.5545340916083,11.3579553372344,0
15.5684619727906,11.3384992704176,0
15.5824223933486,11.3190940313632,0
15.5964152265235,11.299739553835,0
15.6104403455559,11.2804357715966,0
15.6244976236867,11.2611826184117,0
15.638586934157,11.241980028044,0
15.6527081502075,11.2228279342571,0
15.6668611450792,11.2037262708149,0
15.681045792013,11.1846749714809,0
15.6952619642496,11.1656739700188,0
15.7095095350301,11.1467232001924,0
15.7237883775953,11.1278225957653,0
15.7380983651862,11.1089720905012,0
15.7524393710435,11.0901716181639,0
15.7668112684082,11.0714211125169,0
15.7812139305212,11.0527205073241,0
15.7956472306234,11.034069736349,0
15.8101110419556,11.0154687333554,0
15.8246052377588,10.996917432107,0
15.8391296912738,10.9784157663674,0
15.8536842757415,10.9599636699003,0
15.8682688644029,10.9415610764695,0
15.8828833304987,10.9232079198386,0
15.89752754727,10.9049041337713,0
15.9122013879576,10.8866496520313,0
15.9269047258023,10.8684444083824,0
15.9416374340451,10.850288336588,0
15.9563993859269,10.8321813704121,0
15.9711904546886,10.8141234436182,0
15.9860105135709,10.7961144899701,0
16.0008594358149,10.7781544432314,0
16.0157370946615,10.7602432371658,0
16.0306433633514,10.7423808055371,0
16.0455781151257,10.7245670821089,0
16.0605412232251,10.7068020006449,0
16.0755325608906,10.6890854949087,0
16.0905520013631,10.6714174986642,0
16.1055994178835,10.6537979456749,0
16.1206746836926,10.6362267697046,0
16.1357776720313,10.6187039045169,0
16.1509082561406,10.6012292838756,0
16.1660663092614,10.5838028415443,0
16.1812517046344,10.5664245112867,0
16.1964643155006,10.5490942268665,0
16.211704015101,10.5318119220475,0
16.2269706766763,10.5145775305932,0
16.2422641734675,10.4973909862674,0
16.2575843787154,10.4802522228338,0
16.2729311656611,10.463161174056,0
16.2883044075452,10.4461177736978,0
16.3037039776088,10.4291219555229,0
16.3191297490928,10.4121736532948,0
16.3345815952379,10.3952728007774,0
16.3500593892852,10.3784193317343,0
16.3655630044754,10.3616131799292,0
16.3810923140496,10.3448542791258,0
16.3966471912485,10.3281425630877,0
16.4122275093131,10.3114779655788,0
16.4278331414842,10.2948604203626,0
16.4434639610028,10.2782898612028,0
16.4591198411098,10.2617662218632,0
16.4748006550459,10.2452894361074,0
16.4905062760522,10.2288594376992,0
16.5062365773695,10.2124761604021,0
16.5219914322387,10.19613953798,0
16.5377707139007,10.1798495041964,0
16.5535742955963,10.1636059928151,0
16.5694020505666,10.1474089375998,0
16.5852538520523,10.1312582723142,0
16.6011295732943,10.1151539307219,0
16.6170290875336,10.0990958465866,0
16.632952268011,10.0830839536721,0
16.6488989879675,10.067118185742,0
16.6648691206438,10.05119847656,0
16.680862539281,10.0353247598898,0
16.6968791171199,10.0194969694951,0
16.7129187274013,10.0037150391396,0
16.7289812433662,9.98797890258697,0
16.7450665382555,9.97228849360088,0
16.76117448531,9.95664374594503,0
16.7773049577707,9.94104459338314,0
16.7934578288784,9.92549096967887,0
16.809632971874,9.90998280859592,0
16.8258302599984,9.89452004389799,0
16.8420495664926,9.87910260934875,0
16.8582907645973,9.8637304387119,0
16.8745537275535,9.84840346575113,0
16.8908383286021,9.83312162423014,0
16.907144440984,9.8178848479126,0
16.92347193794,9.80269307056221,0
16.9398206927111,9.78754622594267,0
16.9561905785381,9.77244424781766,0
16.9725814686619,9.75738706995086,0
16.9889932363235,9.74237462610598,0
17.0054257547636,9.72740685004669,0
17.0218788972233,9.7124836755367,0
17.0383525369433,9.69760503633969,0
17.0548465471647,9.68277086621934,0
17.0713608011281,9.66798109893936,0
17.0878951720747,9.65323566826343,0
17.1044495332452,9.63853450795524,0
17.1210237578805,9.62387755177847,0
17.1376177192216,9.60926473349683,0
17.1542312905092,9.594695986874,0
17.1708643449844,9.58017124567367,0
17.187516755888,9.56569044365952,0
17.2041883964609,9.55125351459526,0
17.2208791399439,9.53686039224457,0
17.2375888595781,9.52251101037114,0
17.2543174286042,9.50820530273866,0
17.2710647202631,9.49394320311081,0
17.2878306077958,9.4797246452513,0
17.3046149644431,9.46554956292381,0
17.3214176634459,9.45141788989203,0
17.3382385780452,9.43732955991964,0
17.3550775814817,9.42328450677035,0
17.3719345469964,9.40928266420784,0
17.3888093478303,9.3953239659958,0
17.405701857224,9.38140834589792,0
17.4226119484187,9.36753573767788,0
17.4395394946551,9.35370607509939,0
17.4564843691741,9.33991929192613,0
17.4734464452167,9.32617532192179,0
17.4904255960237,9.31247409885006,0
17.5074216948361,9.29881555647462,0
17.5244346148946,9.28519962855918,0
17.5414642294402,9.27162624886742,0
17.5585104117138,9.25809535116302,0
17.5755730349563,9.24460686920969,0
17.5926519724085,9.23116073677111,0
17.6097470973114,9.21775688761096,0
17.6268582829059,9.20439525549295,0
17.6439854024327,9.19107577418075,0
17.6611283291329,9.17779837743807,0
17.6782869362473,9.16456299902858,0
17.6954610970169,9.15136957271599,0
17.7126506846824,9.13821803226397,0
17.7298555724848,9.12510831143622,0
17.747075633665,9.11204034399644,0
17.7643107414638,9.0990140637083,0
17.7815607691223,9.08602940433551,0
17.7988255898811,9.07308629964174,0
17.8161050769813,9.06018468339069,0
17.8333991036637,9.04732448934605,0
17.8507075431693,9.03450565127151,0
17.8680302687388,9.02172810293076,0
17.8853671536133,9.00899177808749,0
17.9027180710335,8.99629661050539,0
17.9200828942404,8.98364253394815,0
17.9374614964749,8.97102948217946,0
17.9548537509778,8.95845738896301,0
17.9722595309901,8.94592618806248,0
17.9896787097527,8.93343581324158,0
18.0071111605063,8.92098619826399,0
18.024556756492,8.90857727689339,0
18.0420153709506,8.89620898289349,0
18.059486877123,8.88388125002796,0
18.0769711482501,8.87159401206051,0
18.0944680575728,8.85934720275481,0
18.1119774783319,8.84714075587456,0
18.1294992837684,8.83497460518345,0
18.1470333471232,8.82284868444518,0
18.1645795416371,8.81076292742341,0
18.182137740551,8.79871726788187,0
18.1997078171059,8.78671163958422,0
18.2172896445425,8.77474597629416,0
18.2348830961019,8.76282021177537,0
18.2524880450249,8.75093427979156,0
18.2701043645523,8.73908811410641,0
18.2877319279251,8.7272816484836,0
18.3053706083842,8.71551481668684,0
18.3230202791705,8.7037875524798,0
18.3406808135247,8.69209978962618,0
18.358352084688,8.68045146188968,0
18.376033965901,8.66884250303397,0
18.3937263304048,8.65727284682275,0
18.4114290514401,8.64574242701971,0
18.429142002248,8.63425117738853,0
18.4468650560692,8.62279903169292,0
18.4645980861448,8.61138592369656,0
18.4823409657154,8.60001178716313,0
18.5000935680222,8.58867655585634,0
18.5178557663059,8.57738016353986,0
18.5356274338074,8.5661225439774,0
18.5534084437677,8.55490363093263,0
18.5711986694275,8.54372335816925,0
18.5889979840279,8.53258165945095,0
18.6068062608097,8.52147846854142,0
18.6246233730138,8.51041371920435,0
18.642449193881,8.49938734520342,0
18.6602835966523,8.48839928030234,0
18.6781264545686,8.47744945826478,0
18.6959776408707,8.46653781285445,0
18.7138370287996,8.45566427783502,0
18.7317044915961,8.44482878697019,0
18.7495799025011,8.43403127402365,0
18.7674631347555,8.42327167275909,0
18.7853540616002,8.41254991694019,0
18.8032525562762,8.40186594033067,0
18.8211584920241,8.39121967669418,0
18.8390717420851,8.38061105979443,0
18.8569921796999,8.37004002339511,0
18.8749196781095,8.35950650125992,0
18.8928541105547,8.34901042715253,0
18.9107953502765,8.33855173483663,0
18.9287432705157,8.32813035807593,0
18.9466977445131,8.31774623063411,0
18.9646586455098,8.30739928627485,0
18.9826258467466,8.29708945876186,0
19.0005992214644,8.28681668185881,0
19.018578642904,8.2765808893294,0
19.0365639843064,8.26638201493732,0
19.0545551189125,8.25621999244626,0
19.0725519199631,8.24609475561991,0
19.0905542606991,8.23600623822195,0
19.1085620143614,8.22595437401609,0
19.126575054191,8.215939096766,0
19.1445932534287,8.20596034023538,0
19.1626164853154,8.19601803818792,0
19.1806446230919,8.18611212438731,0
19.1986775399992,8.17624253259724,0
19.2167151092782,8.16640919658139,0
19.2347572041698,8.15661205010346,0
19.2528036979148,8.14685102692714,0
19.2708544637541,8.13712606081613,0
19.2889093749287,8.12743708553409,0
19.3069683046794,8.11778403484474,0
19.325031126247,8.10816684251176,0
19.3430977128726,8.09858544229883,0
19.361167937797,8.08903976796966,0
19.379241674261,8.07952975328792,0
19.3973187955057,8.07005533201731,0
19.4153991747717,8.06061643792151,0
19.4334826853002,8.05121300476423,0
19.4515692003318,8.04184496630914,0
19.4696585931076,8.03251225631995,0
19.4877507368684,8.02321480856033,0
19.5058455048551,8.01395255679398,0
19.5239427703086,8.00472543478458,0
19.5420424064698,7.99553337629584,0
19.5601442865796,7.98637631509143,0
19.5782482838789,7.97725418493506,0
19.5963542716085,7.9681669195904,0
19.6144621230094,7.95911445282114,0
19.6325717113224,7.95009671839099,0
19.6506829097884,7.94111365006363,0
19.6687955916484,7.93216518160274,0
19.6869096301432,7.92325124677202,0
19.7050248985136,7.91437177933516,0
19.7231412700007,7.90552671305584,0
19.7412586178452,7.89671598169777,0
19.7593768152882,7.88793951902462,0
19.7774957355704,7.8791972588001,0
19.7956152519327,7.87048913478788,0
19.8137352376161,7.86181508075165,0
19.8318555658614,7.85317503045512,0
19.8499761099095,7.84456891766196,0
19.8680967430014,7.83599667613587,0
19.8862173383778,7.82745823964054,0
19.9043377692798,7.81895354193966,0
19.9224579089481,7.81048251679692,0
19.9405776306237,7.802045097976,0
19.9586968075475,7.7936412192406,0
19.9768153129603,7.78527081435441,0
19.9949330201031,7.77693381708112,0
20.0130498022167,7.76863016118441,0
20.031165532542,7.76035978042798,0
20.04928008432,7.75212260857552,0
20.0673933307914,7.74391857939072,0
20.0855051451973,7.73574762663727,0
20.1036154007784,7.72760968407885,0
20.1217239707758,7.71950468547916,0
20.1398307284301,7.7114325646019,0
20.1579355469825,7.70339325521073,0
20.1760382996737,7.69538669106937,0
20.1941388597446,7.68741280594149,0
20.2122371004362,7.67947153359079,0
20.2303328949892,7.67156280778096,0
20.2484261166447,7.66368656227569,0
20.2665166386435,7.65584273083866,0
20.2846043342265,7.64803124723357,0
20.3026890766345,7.64025204522411,0
20.3207707391085,7.63250505857397,0
20.3388491948894,7.62479022104683,0
20.356924317218,7.61710746640639,0
20.3749959793353,7.60945672841634,0
20.3930640544821,7.60183794084037,0
20.4111284158993,7.59425103744216,0
20.4291889368279,7.58669595198542,0
20.4472454905086,7.57917261823382,0
20.4652979501824,7.57168096995105,0
20.4833461890902,7.56422094090082,0
20.5013900804729,7.5567924648468,0
20.5194294975713,7.54939547555269,0
20.5374643136264,7.54202990678218,0
20.5554944018791,7.53469569229895,0
20.5735196355701,7.52739276586671,0
20.5915398879405,7.52012106124913,0
20.6095550322311,7.5128805122099,0
20.6275649416828,7.50567105251273,0
20.6455694895365,7.49849261592129,0
20.6635685490331,7.49134513619928,0
20.6815619934135,7.48422854711038,0
20.6995496959185,7.4771427824183,0
20.717531529789,7.47008777588671,0
20.7355073682661,7.46306346127931,0
20.7534770845904,7.45606977235978,0
20.771440552003,7.44910664289183,0
20.7893976437447,7.44217400663913,0
20.8073482330564,7.43527179736538,0
20.825292193179,7.42839994883426,0
20.8432293973534,7.42155839480947,0
20.8611597188204,7.4147470690547,0
20.8790830308211,7.40796590533364,0
20.8969992065961,7.40121483740997,0
20.9149081193866,7.39449379904739,0
20.9328096424332,7.38780272400959,0
20.950703648977,7.38114154606026,0
20.9685900122588,7.37451019896308,0
20.9864686055196,7.36790861648175,0
21.0043393020001,7.36133673237996,0
21.0222019749413,7.35479448042139,0
21.0400564975841,7.34828179436974,0
21.0579027431693,7.3417986079887,0
21.0757405849379,7.33534485504195,0
21.0935698961308,7.3289204692932,0
21.1113905499888,7.32252538450612,0
21.1292024197528,7.3161595344444,0
21.1470053786638,7.30982285287175,0
21.1647992999625,7.30351527355183,0
21.18258405689,7.29723673024836,0
21.200359522687,7.29098715672502,0
21.2181255705946,7.28476648674549,0
21.2358820738535,7.27857465407347,0
21.2536289057046,7.27241159247264,0
21.2713659393889,7.2662772357067,0
21.2890930481473,7.26017151753934,0
21.3068101052206,7.25409437173425,0
21.3245169838497,7.24804573205511,0
21.3422135572755,7.24202553226562,0
21.3598996987389,7.23603370612946,0
21.3775752814809,7.23007018741034,0
21.3952401787422,7.22413490987193,0
21.4128942637637,7.21822780727792,0
21.4305374097865,7.21234881339202,0
21.4481694900513,7.2064978619779,0
21.465790377799,7.20067488679925,0
21.4833999462706,7.19487982161978,0
21.5009980687069,7.18911260020316,0
21.5185846183488,7.18337315631308,0
21.5361594684372,7.17766142371325,0
21.553722492213,7.17197733616734,0
21.5712735629171,7.16632082743905,0
21.5888125537903,7.16069183129206,0
21.6063393380737,7.15509028149007,0
21.623853789008,7.14951611179677,0
21.6413557798341,7.14396925597584,0
21.658845183793,7.13844964779098,0
21.6763218741255,7.13295722100588,0
21.6937857240725,7.12749190938422,0
21.7112366068749,7.1220536466897,0
21.7286743957737,7.11664236668601,0
21.7460989640096,7.11125800313683,0
21.7635101848235,7.10590048980586,0
21.7809079314565,7.10056976045679,0
21.7982920771493,7.0952657488533,0
21.8156624951429,7.08998838875909,0
21.8330190586781,7.08473761393784,0
21.8503616409958,7.07951335815325,0
21.867690115337,7.07431555516901,0
21.8850043549424,7.06914413874881,0
21.9023042330531,7.06399904265633,0
21.9195896229098,7.05888020065527,0
21.9368603977535,7.05378754650931,0
21.9541164308251,7.04872101398215,0
21.9713575953655,7.04368053683748,0
21.9885837646155,7.03866604883898,0
22.0057948118161,7.03367748375035,0
22.022990610208,7.02871477533527,0
22.0401710330323,7.02377785735745,0
22.0573359535299,7.01886666358055,0
22.0744852449415,7.01398112776829,0
22.0916187805081,7.00912118368434,0
22.1087364334706,7.0042867650924,0
22.1258380770698,6.99947780575615,0
22.1429235845468,6.99469423943929,0
22.1599928291422,6.9899359999055,0
22.1770456840971,6.98520302091848,0
22.1940820226524,6.98049523624192,0
22.2111017180489,6.97581257963951,0
22.2281046435275,6.97115498487493,0
22.2450906723291,6.96652238571187,0
22.2620596776946,6.96191471591404,0
22.2790115328648,6.9573319092451,0
22.2959461110808,6.95277389946877,0
22.3128632855833,6.94824062034872,0
22.3297629296133,6.94373200564865,0
22.3466449164116,6.93924798913224,0
22.3635091192191,6.93478850456319,0
22.3803554112768,6.93035348570518,0
22.3971836658255,6.92594286632191,0
22.4139937561061,6.92155658017707,0
22.4307855553595,6.91719456103434,0
22.4475589368266,6.91285674265742,0
22.4643137737483,6.90854305881,0
22.4810499393654,6.90425344325576,0
22.4977673069189,6.89998782975839,0
22.5144657496496,6.8957461520816,0
22.5311451407985,6.89152834398905,0
22.5478053536064,6.88733433924446,0
22.5644462613142,6.8831640716115,0
22.5810677371628,6.87901747485386,0
22.5976696543931,6.87489448273525,0
22.6142518862461,6.87079502901933,0
22.6308143059624,6.86671904746982,0
22.6473567867832,6.86266647185039,0
22.6638792019492,6.85863723592473,0
22.6803814247014,6.85463127345654,0
22.6968633282806,6.85064851820951,0
22.7133247859278,6.84668890394732,0
22.7297656708837,6.84275236443367,0
22.7461858563894,6.83883883343224,0
22.7625852156857,6.83494824470673,0
22.7789636220134,6.83108053202083,0
22.7953209486136,6.82723562913822,0
22.811657068727,6.82341346982259,0
22.8279718555946,6.81961398783764,0
22.8442651824572,6.81583711694706,0
22.8605369225558,6.81208279091454,0
22.8767869491312,6.80835094350376,0
22.8930151354244,6.80464150847841,0
22.9092213546761,6.80095441960219,0
22.9254054801273,6.79728961063879,0
22.941567385019,6.79364701535188,0
22.9577069425919,6.79002656750518,0
22.973824026087,6.78642820086236,0
22.9899185087452,6.78285184918712,0
23.0059902638073,6.77929744624314,0
23.0220391645143,6.77576492579412,0
23.038065084107,6.77225422160375,0
23.0540678958263,6.76876526743571,0
23.0700474729131,6.76529799705369,0
23.0860036886084,6.76185234422139,0
23.1019364161529,6.7584282427025,0
23.1178455287877,6.7550256262607,0
23.1337308997535,6.75164442865969,0
23.1495924022912,6.74828458366315,0
23.1654299096419,6.74494602503477,0
23.1812432950462,6.74162868653826,0
23.1970324317452,6.73833250193728,0
23.2127971929798,6.73505740499555,0
23.2285374519907,6.73180332947674,0
23.244253082019,6.72857020914454,0
23.2599439563055,6.72535797776265,0
23.275609948091,6.72216656909475,0
23.2912509306165,6.71899591690454,0
23.3068667771229,6.71584595495571,0
23.3224573608511,6.71271661701194,0
23.3380225550419,6.70960783683692,0
23.3535622329363,6.70651954819435,0
23.369076267775,6.70345168484792,0
23.3845645327991,6.70040418056131,0
23.4000269012494,6.69737696909821,0
23.4154632463668,6.69436998422232,0
23.4308734413922,6.69138315969733,0
23.4462573595665,6.68841642928692,0
23.4616148741306,6.68546972675479,0
23.4769458583253,6.68254298586462,0
23.4922501853915,6.67963614038011,0
23.5075277285702,6.67674912406494,0
23.5227783611023,6.6738818706828,0
23.5380019562285,6.67103431399739,0
23.5531983871899,6.6682063877724,0
23.5683675272273,6.66539802577151,0
23.5835092495816,6.66260916175842,0
23.5986234274936,6.65983972949681,0
23.6137099342043,6.65708966275038,0
23.6287686429546,6.65435889528281,0
23.6437994269853,6.65164736085779,0
23.6588021595374,6.64895499323902,0
23.6737767138518,6.64628172619019,0
23.6887229631692,6.64362749347498,0
23.7036407807307,6.64099222885709,0
23.718530039777,6.6383758661002,0
23.7333906135492,6.635778338968,0
23.748222375288,6.63319958122419,0
23.7630251982344,6.63063952663246,0
23.7777989556293,6.62809810895649,0
23.7925435207136,6.62557526195997,0
23.807258766728,6.6230709194066,0
23.8219445669137,6.62058501506007,0
23.8366007945113,6.61811748268405,0
23.8512273227619,6.61566825604226,0
23.8658240249063,6.61323726889837,0
23.8803907741853,6.61082445501607,0
23.89492744384,6.60842974815906,0
23.9094339071111,6.60605308209102,0
23.9239100372396,6.60369439057564,0
23.9383557074664,6.60135360737663,0
23.9527707910323,6.59903066625765,0
23.9671551611783,6.59672550098241,0
23.9815086911451,6.5944380453146,0
23.9958312541738,6.5921682330179,0
24.0101227235052,6.589915997856,0
24.0243829723802,6.5876812735926,0
24.0386118740397,6.58546399399139,0
24.0528093017246,6.58326409281604,0
24.0669751286758,6.58108150383027,0
24.0811092281341,6.57891616079774,0
24.0952114733404,6.57676799748217,0
24.1092817375357,6.57463694764722,0
24.1233198939609,6.5725229450566,0
24.1373258158567,6.570425923474,0
24.1512993764642,6.5683458166631,0
24.1652404490242,6.56628255838759,0
24.1791489067775,6.56423608241117,0
24.1930246229652,6.56220632249752,0
24.206867470828,6.56019321241034,0
24.2206773236069,6.55819668591331,0
24.2344540545427,6.55621667677013,0
24.2481975368764,6.55425311874448,0
24.2619076438488,6.55230594560005,0
24.2755842487008,6.55037509110054,0
24.2892272246733,6.54846048900963,0
24.3028364450073,6.54656207309102,0
24.3164117829435,6.54467977710839,0
24.329953111723,6.54281353482544,0
24.3434603045865,6.54096328000585,0
24.3569332347749,6.53912894641331,0
24.3703717755292,6.53731046781152,0
24.3837758000903,6.53550777796416,0
24.397145181699,6.53372081063493,0
24.4104797935962,6.53194949958751,0
24.4237795090229,6.5301937785856,0
24.4370442012199,6.52845358139288,0
24.450273743428,6.52672884177304,0
24.4634680088882,6.52501949348978,0
24.4766268708415,6.52332547030678,0
24.4897502025285,6.52164670598773,0
24.5028378771904,6.51998313429633,0
24.5158897680679,6.51833468899627,0
24.5289057484019,6.51670130385122,0
24.5418856914333,6.5150829126249,0
24.5548294704031,6.51347944908097,0
24.5677369585521,6.51189084698314,0
24.5806080291212,6.5103170400951,0
24.5934425553512,6.50875796218052,0
24.6062404104832,6.50721354700312,0
24.6190014677579,6.50568372832656,0
24.6317256004163,6.50416843991455,0
24.6444126816992,6.50266761553078,0
24.6570625848476,6.50118118893892,0
24.6696751831023,6.49970909390268,0
24.6822503497042,6.49825126418575,0
24.6947879578942,6.49680763355181,0
24.7072878809132,6.49537813576455,0
24.7197499920022,6.49396270458767,0
24.7321741644019,6.49256127378485,0
24.7445602713532,6.49117377711978,0
24.7569081860972,6.48980014835616,0
24.7692177818746,6.48844032125767,0
24.7814889319263,6.48709422958801,0
24.7937215094933,6.48576180711086,0
24.8059153878164,6.48444298758991,0
24.8180704401365,6.48313770478886,0
24.8301865396945,6.48184589247139,0
24.8422635597313,6.4805674844012,0
24.8543013734877,6.47930241434196,0
24.8662998542048,6.47805061605738,0
24.8782588751233,6.47681202331115,0
24.8901783094842,6.47558656986695,0
24.9020580305283,6.47437418948847,0
24.9138979114966,6.47317481593941,0
24.9256978256299,6.47198838298345,0
24.9374576461691,6.47081482438428,0
24.9491772463551,6.4696540739056,0
24.9608564994288,6.46850606531109,0
24.972495278631,6.46737073236444,0
24.9840934572028,6.46624800882935,0
24.9956509083849,6.4651378284695,0
25.0071675054183,6.46404012504859,0
25.0186431215438,6.4629548323303,0
25.0300776300024,6.46188188407832,0
25.0414709040349,6.46082121405634,0
25.0528228168822,6.45977275602806,0
25.0641332417852,6.45873644375716,0
25.0754020519849,6.45771221100734,0
25.086629120722,6.45669999154228,0
25.0978143212375,6.45569971912567,0
25.1089575267722,6.45471132752121,0
25.1200586105671,6.45373475049257,0
25.1311174458631,6.45276992180347,0
25.142133905901,6.45181677521757,0
25.1531078639217,6.45087524449858,0
25.1640391931662,6.44994526341018,0
25.1749277668752,6.44902676571607,0
25.1857734582898,6.44811968517993,0
25.1965761406508,6.44722395556545,0
25.207335687199,6.44633951063633,0
25.2180519711754,6.44546628415624,0
25.2287248658209,6.44460420988889,0
25.2393542443763,6.44375322159797,0
25.2499399800826,6.44291325304716,0
25.2604819461806,6.44208423800015,0
25.2709800159112,6.44126611022063,0
25.2814340625153,6.4404588034723,0
25.2918439592338,6.43966225151884,0
25.3022095793077,6.43887638812395,0
25.3125307959777,6.4381011470513,0
25.3228074824847,6.4373364620646,0
25.3330395120698,6.43658226692754,0
25.3432267579737,6.43583849540379,0
25.3533690934373,6.43510508125706,0
25.3634663917016,6.43438195825104,0
25.3735185260074,6.4336690601494,0
25.3835253695956,6.43296632071585,0
25.3934867957072,6.43227367371407,0
25.4034026775829,6.43159105290776,0
25.4132728884637,6.43091839206059,0
25.4230973015904,6.43025562493627,0
25.4328757902041,6.42960268529849,0
25.4426082275455,6.42895950691092,0
25.4522944868555,6.42832602353727,0
25.4619344413751,6.42770216894123,0
25.4715279643451,6.42708787688647,0
25.4810749290065,6.4264830811367,0
25.4905752086,6.4258877154556,0
25.5000286763666,6.42530171360686,0
25.5094352055472,6.42472500935418,0
25.5187946693827,6.42415753646124,0
25.528106941114,6.42359922869173,0
25.5373718939819,6.42305001980934,0
25.5465894012274,6.42250984357777,0
25.5557593360913,6.4219786337607,0
25.5648815718145,6.42145632412183,0
25.573955981638,6.42094284842483,0
25.5829824388026,6.42043814043341,0
25.5919608165491,6.41994213391125,0
25.6008909881186,6.41945476262205,0
25.6097728267518,6.41897596032948,0
25.6186062056897,6.41850566079725,0
25.6273909981732,6.41804379778904,0
25.6361270774431,6.41759030506855,0
25.6448143167404,6.41714511639946,0
25.6534525893059,6.41670816554546,0
25.6620417683805,6.41627938627024,0
25.6705817272051,6.41585871233749,0
25.6790723390207,6.41544607751091,0
25.687513477068,6.41504141555418,0
25.695905014588,6.41464466023099,0
25.7042468248216,6.41425574530504,0
25.7125387810096,6.41387460454001,0
25.720780756393,6.41350117169959,0
25.7289726242126,6.41313538054747,0
25.7371142577094,6.41277716484734,0
25.7452055301242,6.4124264583629,0
25.7532463146979,6.41208319485783,0
25.7612364846714,6.41174730809582,0
25.7691759132856,6.41141873184057,0
25.7770644737814,6.41109739985576,0
25.7849020393997,6.41078324590508,0
25.7926884833813,6.41047620375222,0
25.8004236789672,6.41017620716087,0
25.8081074993982,6.40988318989473,0
25.8157398179153,6.40959708571748,0
25.8233205077593,6.40931782839281,0
25.8308494421711,6.40904535168442,0
25.8383264943916,6.40877958935598,0
25.8457515376617,6.4085204751712,0
25.8531244452223,6.40826794289376,0
25.8604450903143,6.40802192628735,0
25.8677133461785,6.40778235911567,0
25.8749290860559,6.4075491751424,0
25.8820921831874,6.40732230813122,0
25.8892025108138,6.40710169184585,0
25.896259942176,6.40688726004995,0
25.9032643505149,6.40667894650723,0
25.9102156090715,6.40647668498137,0
25.9171135910865,6.40628040923606,0
25.9239581698009,6.40609005303499,0
25.9307492184557,6.40590555014185,0
25.9374866102915,6.40572683432034,0
25.9441702185495,6.40555383933414,0
25.9507999164704,6.40538649894694,0
25.9573755772951,6.40522474692243,0
25.9638970742646,6.40506851702431,0
25.9703642806196,6.40491774301625,0
25.9767770696012,6.40477235866196,0
25.9831353144502,6.40463229772512,0
25.9894388884075,6.40449749396943,0
25.995687664714,6.40436788115856,0
26.0018815166105,6.40424339305622,0
26.008020317338,6.40412396342609,0
26.0141039401374,6.40400952603186,0
26.0201322582495,6.40390001463722,0
26.0261051449152,6.40379536300587,0
26.0320224733755,6.40369550490148,0
26.0378841168711,6.40360037408776,0
26.0436899486431,6.40350990432839,0
26.0494398419323,6.40342402938706,0
26.0551336699795,6.40334268302747,0
26.0607713060257,6.40326579901329,0
26.0663526233118,6.40319331110823,0
26.0718774950787,6.40312515307597,0
26.0773457945672,6.4030612586802,0
26.0827573950182,6.40300156168461,0
26.0881121696726,6.4029459958529,0
26.0934099917714,6.40289449494874,0
26.0986507345554,6.40284699273584,0
26.1038342712654,6.40280342297788,0
26.1089604751425,6.40276371943855,0
26.1140292194274,6.40272781588155,0
26.1190403773611,6.40269564607055,0
26.1239938221844,6.40266714376926,0
26.1288894271383,6.40264224274136,0
26.1337270654637,6.40262087675054,0
26.1385066104013,6.40260297956049,0
26.1432279351922,6.4025884849349,0
26.1478909130772,6.40257732663747,0
26.1524954172972,6.40256943843187,0
26.1570413210931,6.40256475408181,0
26.1615284977057,6.40256320735097,0
