13.737903193961,0,-0
13.7557718455146,0,-0.00434501643325892
13.7736641767045,0,-0.00870035585373995
13.7915801663059,0,-0.0130660338416594
13.8095197930942,0,-0.0174420659772337
13.8274830358447,0,-0.0218284678406792
13.8454698733327,0,-0.0262252550122123
13.8634802843336,0,-0.0306324430720492
13.8815142476227,0,-0.0350500476004064
13.8995717419753,0,-0.0394780841775002
13.9176527461668,0,-0.0439165683835469
13.9357572389725,0,-0.0483655157987631
13.9538851991677,0,-0.0528249420033648
13.9720366055278,0,-0.0572948625775687
13.990211436828,0,-0.0617752931015909
14.0084096718438,0,-0.066266249155648
14.0266312893504,0,-0.0707677463199561
14.0448762681232,0,-0.0752798001747317
14.0631445869375,0,-0.0798024263001912
14.0814362245686,0,-0.0843356402765509
14.0997511597919,0,-0.0888794576840271
14.1180893713827,0,-0.0934338941028362
14.1364508381163,0,-0.0979989651131946
14.1548355387681,0,-0.102574686295319
14.1732434521134,0,-0.107161073229425
14.1916745569274,0,-0.111758141495729
14.2101288319857,0,-0.116365906674448
14.2286062560634,0,-0.120984384345798
14.2471068079359,0,-0.125613590089996
14.2656304663786,0,-0.130253539487257
14.2841772101668,0,-0.134904248117799
14.3027470180757,0,-0.139565731561837
14.3213398688808,0,-0.144238005399588
14.3399557413573,0,-0.148921085211268
14.3585946142807,0,-0.153614986577094
14.3772564664262,0,-0.158319725077281
14.3959412765691,0,-0.163035316292047
14.4146490234848,0,-0.167761775801608
14.4333796859486,0,-0.172499119186179
14.4521332427359,0,-0.177247362025978
14.470909672622,0,-0.182006519901221
14.4897089543821,0,-0.186776608392124
14.5085310667917,0,-0.191557643078903
14.5273759886261,0,-0.196349639541775
14.5462436986606,0,-0.201152613360956
14.5651341756705,0,-0.205966580116663
14.5840473984312,0,-0.210791555389112
14.6029833457179,0,-0.215627554758519
14.6219419963061,0,-0.2204745938051
14.6409233289711,0,-0.225332688109072
14.6599273224881,0,-0.230201853250652
14.6789539556325,0,-0.235082104810056
14.6980032071797,0,-0.239973458367499
14.717075055905,0,-0.244875929503199
14.7361694805836,0,-0.249789533797371
14.755286459991,0,-0.254714286830233
14.7744259729025,0,-0.259650204182
14.7935879980934,0,-0.264597301432889
14.812772514339,0,-0.269555594163116
14.8319795004146,0,-0.274525097952898
14.8512089350957,0,-0.279505828382451
14.8704607971574,0,-0.284497801031991
14.8897350653753,0,-0.289501031481734
14.9090317185245,0,-0.294515535311898
14.9283507353804,0,-0.299541328102697
14.9476920947183,0,-0.30457842543435
14.9670557753136,0,-0.309626842887071
14.9864417559417,0,-0.314686596041078
15.0058500153777,0,-0.319757700476587
15.0252805323972,0,-0.324840171773814
15.0447332857753,0,-0.329934025512975
15.0642082542874,0,-0.335039277274287
15.0837054167089,0,-0.340155942637967
15.1032247518151,0,-0.34528403718423
15.1227662383813,0,-0.350423576493292
15.1423298551829,0,-0.355574576145372
15.1619155809951,0,-0.360737051720683
15.1815233945934,0,-0.365911018799444
15.201153274753,0,-0.37109649296187
15.2208052002492,0,-0.376293489788178
15.2404791498575,0,-0.381502024858584
15.2601751023531,0,-0.386722113753304
15.2798930365113,0,-0.391953772052556
15.2996329311076,0,-0.397197015336554
15.3193947649171,0,-0.402451859185516
15.3391785167154,0,-0.407718319179657
15.3589841652776,0,-0.412996410899195
15.3788116893791,0,-0.418286149924346
15.3986610677952,0,-0.423587551835325
15.4185322793014,0,-0.42890063221235
15.4384253026728,0,-0.434225406635636
15.4583401166849,0,-0.439561890685401
15.478276700113,0,-0.444910099941859
15.4982350317323,0,-0.450270049985229
15.5182150903183,0,-0.455641756395725
15.5382168546462,0,-0.461025234753565
15.5582403034915,0,-0.466420500638965
15.5782854156293,0,-0.471827569632141
15.5983521698351,0,-0.47724645731331
15.6184405448842,0,-0.482677179262687
15.6385505195519,0,-0.48811975106049
15.6586820726135,0,-0.493574188286934
15.6788351828444,0,-0.499040506522236
15.6990098290199,0,-0.504518721346613
15.7192059899154,0,-0.51000884834028
15.7394236443061,0,-0.515510903083454
15.7596627709674,0,-0.521024901156352
15.7799233486746,0,-0.526550858139189
15.8002053562031,0,-0.532088789612183
15.8205087723282,0,-0.537638711155549
15.8408335758252,0,-0.543200638349504
15.8611797454694,0,-0.548774586774264
15.8815472600363,0,-0.554360572010045
15.901936098301,0,-0.559958609637065
15.922346239039,0,-0.565568715235538
15.9427776610255,0,-0.571190904385683
15.9632303430359,0,-0.576825192667714
15.9837042638456,0,-0.582471595661849
16.0041994022299,0,-0.588130128948303
16.024715736964,0,-0.593800808107294
16.0452532468233,0,-0.599483648719036
16.0658119105832,0,-0.605178666363748
16.086391707019,0,-0.610885876621645
16.106992614906,0,-0.616605295072943
16.1276146130196,0,-0.622336937297859
16.148257680135,0,-0.628080818876609
16.1689217950277,0,-0.63383695538941
16.1896069364728,0,-0.639605362416478
16.2103130832459,0,-0.645386055538029
16.2310402141221,0,-0.65117905033428
16.2517883078769,0,-0.656984362385446
16.2725573432855,0,-0.662802007271745
16.2933472991233,0,-0.668632000573393
16.3141581541656,0,-0.674474357870606
16.3349898871878,0,-0.6803290947436
16.3558424769652,0,-0.686196226772592
16.3767159022731,0,-0.692075769537798
16.3976101418868,0,-0.697967738619435
16.4185251745817,0,-0.703872149597719
16.4394609791331,0,-0.709789018052866
16.4604175343163,0,-0.715718359565092
16.4813948189067,0,-0.721660189714615
16.5023928116796,0,-0.727614524081649
16.5234114914103,0,-0.733581378246413
16.5444508368742,0,-0.739560767789121
16.5655108268466,0,-0.74555270828999
16.5865914401028,0,-0.751557215329238
16.6076926554181,0,-0.757574304487079
16.6288144515679,0,-0.763603991343731
16.6499568073275,0,-0.76964629147941
16.6711197014723,0,-0.775701220474332
16.6923031127775,0,-0.781768793908714
16.7135070200186,0,-0.787849027362771
16.7347314019707,0,-0.793941936416721
16.7559762374093,0,-0.800047536650779
16.7772415051098,0,-0.806165843645162
16.7985271838473,0,-0.812296872980087
16.8198332523973,0,-0.818440640235769
16.8411596895351,0,-0.824597160992425
16.862506474036,0,-0.830766450830272
16.8838735846753,0,-0.836948525329526
16.9052610002284,0,-0.843143400070402
16.9266686994707,0,-0.849351090633118
16.9480966611773,0,-0.85557161259789
16.9695448641238,0,-0.861804981544934
16.9910132870853,0,-0.868051213054467
17.0125019088372,0,-0.874310322706704
17.034010708155,0,-0.880582326081863
17.0555396638138,0,-0.886867238760159
17.077088754589,0,-0.89316507632181
17.098657959256,0,-0.899475854347031
17.12024725659,0,-0.905799588416038
17.1418566253665,0,-0.912136294109048
17.1634860443607,0,-0.918485987006278
17.185135492348,0,-0.924848682687944
17.2068049481037,0,-0.931224396734262
17.2284943904032,0,-0.937613144725448
17.2502037980216,0,-0.944014942241719
17.2719331497345,0,-0.950429804863292
17.2936824243171,0,-0.956857748170381
17.3154516005448,0,-0.963298787743205
17.3372406571929,0,-0.969752939161979
17.3590495730367,0,-0.97622021800692
17.3808783268515,0,-0.982700639858244
17.4027268974127,0,-0.989194220296167
17.4245952634956,0,-0.995700974900906
17.4464834038756,0,-1.00222091925268
17.4683912973279,0,-1.0087540689317
17.4903189226279,0,-1.01530043951818
17.512266258551,0,-1.02186004659235
17.5342332838724,0,-1.02843290573441
17.5562199773675,0,-1.03501903252459
17.5782263178117,0,-1.04161844254309
17.6002522839801,0,-1.04823115137015
17.6222978546483,0,-1.05485717458596
17.6443630085915,0,-1.06149652777076
17.6664477245851,0,-1.06814922650475
17.6885519814043,0,-1.07481528636815
17.7106757578245,0,-1.08149472294119
17.732819032621,0,-1.08818755180406
17.7549817845693,0,-1.094893788537
17.7771639924445,0,-1.10161344872021
17.7993656350221,0,-1.10834654793392
17.8215866910773,0,-1.11509310175834
17.8438271393855,0,-1.12185312577369
17.866086958722,0,-1.12862663556018
17.8883661278622,0,-1.13541364669803
17.9106646255813,0,-1.14221417476745
17.9329824306548,0,-1.14902823534866
17.9553195218579,0,-1.15585584402189
17.977675877966,0,-1.16269701636734
18.0000514777544,0,-1.16955176796523
18.0224462999984,0,-1.17642011439577
18.0448603234734,0,-1.18330207123919
18.0672935269547,0,-1.1901976540757
18.0897458892176,0,-1.19710687848552
18.1122173890375,0,-1.20402976004886
18.1347080051897,0,-1.21096631434594
18.1572177164494,0,-1.21791655695698
18.1797465015922,0,-1.22488050346218
18.2022943393932,0,-1.23185816944178
18.2248612086278,0,-1.23884957047598
18.2474470880713,0,-1.245854722145
18.2700519564992,0,-1.25287364002906
18.2926757926866,0,-1.25990633970837
18.315318575409,0,-1.26695283676315
18.3379802834416,0,-1.27401314677362
18.3606608955598,0,-1.28108728531999
18.3833603905389,0,-1.28817526798248
18.4060787471543,0,-1.2952771103413
18.4288159441813,0,-1.30239282797668
18.4515719603952,0,-1.30952243646883
18.4743467745713,0,-1.31666595139796
18.4971403654851,0,-1.32382338834429
18.5199527119117,0,-1.33099476288804
18.5427837926265,0,-1.33818009060942
18.565633586405,0,-1.34537938708865
18.5885020720223,0,-1.35259266790595
18.6113892282539,0,-1.35981994864153
18.634295033875,0,-1.36706124487561
18.657219467661,0,-1.37431657218841
18.6801625083872,0,-1.38158594616013
18.703124134829,0,-1.38886938237101
18.7261043257616,0,-1.39616689640125
18.7491030599605,0,-1.40347850383107
18.7721203162009,0,-1.41080422024069
18.7951560732582,0,-1.41814406121032
18.8182103099077,0,-1.42549804232018
18.8412830049248,0,-1.43286617915049
18.8643741370847,0,-1.44024848728146
18.8874836851627,0,-1.44764498229331
18.9106116279344,0,-1.45505567976626
18.9337579441748,0,-1.46248059528051
18.9569226126595,0,-1.4699197444163
18.9801056121637,0,-1.47737314275383
19.0033069214627,0,-1.48484080587332
19.0265265193319,0,-1.49232274935499
19.0497643845467,0,-1.49981898877905
19.0730204958822,0,-1.50732953972572
19.0962948321139,0,-1.51485441777522
19.1195873720172,0,-1.52239363850775
19.1428980943672,0,-1.52994721750355
19.1662269779395,0,-1.53751517034283
19.1895740015092,0,-1.54509751260579
19.2129391438517,0,-1.55269425987267
19.2363223837424,0,-1.56030542772367
19.2597236999566,0,-1.56793103173901
19.2831430712696,0,-1.5755710874989
19.3065804764568,0,-1.58322561058357
19.3300358942934,0,-1.59089461657323
19.3535093035548,0,-1.5985781210481
19.3770006830164,0,-1.60627613958838
19.4005100114534,0,-1.61398868777431
19.4240372676413,0,-1.62171578118609
19.4475824303552,0,-1.62945743540395
19.4711454783707,0,-1.63721366600809
19.4947263904629,0,-1.64498448857874
19.5183251454072,0,-1.6527699186961
19.541941721979,0,-1.66056997194041
19.5655760989536,0,-1.66838466389187
19.5892282551063,0,-1.67621401013069
19.6128981692124,0,-1.68405802623711
19.6365858200473,0,-1.69191672779132
19.6602911863863,0,-1.69979013037356
19.6840142470047,0,-1.70767824956403
19.7077549806779,0,-1.71558110094295
19.7315133661812,0,-1.72349870009054
19.75528938229,0,-1.73143106258701
19.7790830077794,0,-1.73937820401259
19.802894221425,0,-1.74734013994748
19.826723002002,0,-1.7553168859719
19.8505693282858,0,-1.76330845766608
19.8744331790516,0,-1.77131487061022
19.8983145330748,0,-1.77933614038454
19.9222133691308,0,-1.78737228256926
19.9461296659948,0,-1.7954233127446
19.9700634024423,0,-1.80348924649077
19.9940145572484,0,-1.81157009938799
20.0179831091887,0,-1.81966588701647
20.0419690370383,0,-1.82777662495643
20.0659723195727,0,-1.83590232878809
20.0899929355671,0,-1.84404301409166
20.1140308637969,0,-1.85219869644736
20.1380860830374,0,-1.86036939143541
20.1621585720639,0,-1.86855511463602
20.1862483096519,0,-1.87675588162941
20.2103552745765,0,-1.88497170799579
20.2344794456132,0,-1.89320260931538
20.2586208015373,0,-1.90144860116841
20.282779321124,0,-1.90970969913507
20.3069549831488,0,-1.9179859187956
20.3311477663869,0,-1.92627727573021
20.3553576496137,0,-1.9345837855191
20.3795846116046,0,-1.94290546374251
20.4038286311348,0,-1.95124232598064
20.4280896869797,0,-1.95959438781372
20.4523677579146,0,-1.96796166482195
20.4766628227148,0,-1.97634417258556
20.5009748601557,0,-1.98474192668476
20.5253038490127,0,-1.99315494269977
20.5496497680609,0,-2.00158323621081
20.5740125960758,0,-2.01002682279808
20.5983923118327,0,-2.01848571804181
20.622788894107,0,-2.02695993752221
20.6472023216739,0,-2.03544949681951
20.6716325733088,0,-2.04395441151391
20.696079627787,0,-2.05247469718562
20.7205434638838,0,-2.06101036941489
20.7450240603747,0,-2.0695614437819
20.7695213960348,0,-2.07812793586689
20.7940354496396,0,-2.08670986125006
20.8185661999644,0,-2.09530723551164
20.8431136257844,0,-2.10392007423183
20.8676777058751,0,-2.11254839299087
20.8922584190118,0,-2.12119220736896
20.9168557439697,0,-2.12985153294632
20.9414696595243,0,-2.13852638530316
20.9661001444508,0,-2.14721678001971
20.9907471775246,0,-2.15592273267617
21.0154107375211,0,-2.16464425885277
21.0400908032154,0,-2.17338137412972
21.0647873533831,0,-2.18213409408724
21.0895003667994,0,-2.19090243430554
21.1142298222396,0,-2.19968641036484
21.138975698479,0,-2.20848603784536
21.1637379742931,0,-2.21730133232731
21.1885166284571,0,-2.22613230939092
21.2133116397463,0,-2.23497898461638
21.2381229869362,0,-2.24384137358393
21.262950648802,0,-2.25271949187378
21.287794604119,0,-2.26161335506615
21.3126548316626,0,-2.27052297874124
21.3375313102081,0,-2.27944837847928
21.3624240185308,0,-2.28838956986049
21.3873329354062,0,-2.29734656846507
21.4122580396094,0,-2.30631938987326
21.4371993099159,0,-2.31530804966525
21.4621567251009,0,-2.32431256342128
21.4871302639399,0,-2.33333294672155
21.512119905208,0,-2.34236921514628
21.5371256276808,0,-2.3514213842757
21.5621474101334,0,-2.36048946969
21.5871852313412,0,-2.36957348696942
21.6122390700796,0,-2.37867345169417
21.6373089051238,0,-2.38778937944445
21.6623947152493,0,-2.3969212858005
21.6874964792313,0,-2.40606918634253
21.7126141758452,0,-2.41523309665075
21.7377477838663,0,-2.42441303230538
21.7628972820699,0,-2.43360900888663
21.7880626492313,0,-2.44282104197473
21.813243864126,0,-2.45204914714988
21.8384409055292,0,-2.46129333999231
21.8636537522163,0,-2.47055363608223
21.8888823829625,0,-2.47983005099986
21.9141267765432,0,-2.48912260032541
21.9393869117338,0,-2.4984312996391
21.9646627673096,0,-2.50775616452115
21.9899543220459,0,-2.51709721055177
22.015261554718,0,-2.52645445331119
22.0405844441013,0,-2.5358279083796
22.0659229689711,0,-2.54521759133724
22.0912771081027,0,-2.55462351776432
22.1166468402715,0,-2.56404570324105
22.1420321442528,0,-2.57348416334765
22.1674329988219,0,-2.58293891366434
22.1928493827541,0,-2.59240996977134
22.2182812748248,0,-2.60189734724885
22.2437286538094,0,-2.6114010616771
22.2691914984831,0,-2.6209211286363
22.2946697876212,0,-2.63045756370668
22.3201634999992,0,-2.64001038246843
22.3456726143923,0,-2.64957960050179
22.3711971095758,0,-2.65916523338697
22.3967369643252,0,-2.66876729670419
22.4222921574157,0,-2.67838580603365
22.4478626676226,0,-2.68802077695558
22.4734484737214,0,-2.6976722250502
22.4990495544872,0,-2.70734016589771
22.5246658886955,0,-2.71702461507834
22.5502974551216,0,-2.72672558817231
22.5759442325408,0,-2.73644310075982
22.6016061997284,0,-2.7461771684211
22.6272833354598,0,-2.75592780673636
22.6529756185103,0,-2.76569503128582
22.6786830276553,0,-2.77547885764969
22.70440554167,0,-2.7852793014082
22.7301431393298,0,-2.79509637814155
22.75589579941,0,-2.80493010342997
22.781663500686,0,-2.81478049285366
22.807446221933,0,-2.82464756199286
22.8332439419265,0,-2.83453132642776
22.8590566394417,0,-2.8444318017386
22.884884293254,0,-2.85434900350558
22.9107268821388,0,-2.86428294730892
22.9365843848712,0,-2.87423364872884
22.9624567802267,0,-2.88420112334555
22.9883440469806,0,-2.89418538673928
23.0142461639083,0,-2.90418645449023
23.040163109785,0,-2.91420434217862
23.0660948633861,0,-2.92423906538468
23.0920414034869,0,-2.93429063968861
23.1180027088628,0,-2.94435908067064
23.143978758289,0,-2.95444440391097
23.169969530541,0,-2.96454662498983
23.195975004394,0,-2.97466575948743
23.2219951586234,0,-2.98480182298399
23.2480299720045,0,-2.99495483105973
23.2740794233126,0,-3.00512479929485
23.3001434913231,0,-3.01531174326958
23.3262221548113,0,-3.02551567856414
23.3523153925525,0,-3.03573662075873
23.3784231833221,0,-3.04597458543359
23.4045455058954,0,-3.05622958816891
23.4306823390476,0,-3.06650164454493
23.4568336615543,0,-3.07679077014184
23.4829994521906,0,-3.08709698053988
23.5091796897319,0,-3.09742029131926
23.5353743529536,0,-3.1077607180602
23.5615834206309,0,-3.1181182763429
23.5878068715393,0,-3.12849298174759
23.6140446844539,0,-3.13888484985448
23.6402968381503,0,-3.1492938962438
23.6665633114036,0,-3.15972013649575
23.6928440829893,0,-3.17016358619055
23.7191391316825,0,-3.18062426090842
23.7454484362588,0,-3.19110217622958
23.7717719754935,0,-3.20159734773424
23.7981097281617,0,-3.21210979100262
23.8244616730389,0,-3.22263952161493
23.8508277889005,0,-3.23318655515139
23.8772080545217,0,-3.24375090719222
23.9036024486778,0,-3.25433259331764
23.9300109501443,0,-3.26493162910785
23.9564335376964,0,-3.27554803014308
23.9828701901094,0,-3.28618181200354
24.0093208861587,0,-3.29683299026945
24.0357856046197,0,-3.30750158052102
24.0622643242676,0,-3.31818759833848
24.0887570238778,0,-3.32889105930204
24.1152636822256,0,-3.3396119789919
24.1417842780863,0,-3.3503503729883
24.1683187902353,0,-3.36110625687145
24.194867197448,0,-3.37187964622156
24.2214294784995,0,-3.38267055661885
24.2480056121654,0,-3.39347900364354
24.2745955772208,0,-3.40430500287584
24.3011993524411,0,-3.41514856989597
24.3278169166018,0,-3.42600972028414
24.3544482484779,0,-3.43688846962057
24.3810933268451,0,-3.44778483348548
24.4077521304784,0,-3.45869882745909
24.4344246381534,0,-3.46963046712161
24.4611108286452,0,-3.48057976805325
24.4878106807293,0,-3.49154674583424
24.514524173181,0,-3.50253141604479
24.5412512847756,0,-3.51353379426511
24.5679919942884,0,-3.52455389607543
24.5947462804948,0,-3.53559173705595
24.62151412217,0,-3.5466473327869
24.6482954980895,0,-3.55772069884849
24.6750903870286,0,-3.56881185082094
24.7018987677625,0,-3.57992080428446
24.7287206190666,0,-3.59104757481928
24.7555559197163,0,-3.6021921780056
24.7824046484869,0,-3.61335462942364
24.8092667841537,0,-3.62453494465363
24.836142305492,0,-3.63573313927576
24.8630311912772,0,-3.64694922887028
24.8899334202846,0,-3.65818322901738
24.9168489712895,0,-3.66943515529728
24.9437778230673,0,-3.68070502329021
24.9707199543933,0,-3.69199284857638
24.9976753440428,0,-3.70329864673599
25.0246439707911,0,-3.71462243334928
25.0516258134136,0,-3.72596422399646
25.0786208506857,0,-3.73732403425774
25.1056290613826,0,-3.74870187971334
25.1326504242796,0,-3.76009777594348
25.1596849181522,0,-3.77151173852836
25.1867325217756,0,-3.78294378304822
25.2137932139251,0,-3.79439392508326
25.2408669733762,0,-3.8058621802137
25.2679537789041,0,-3.81734856401976
25.2950536092842,0,-3.82885309208166
25.3221664432917,0,-3.8403757799796
25.3492922597021,0,-3.85191664329382
25.3764310372906,0,-3.86347569760451
25.4035827548326,0,-3.87505295849191
25.4307473911034,0,-3.88664844153622
25.4579249248783,0,-3.89826216231766
25.4851153349327,0,-3.90989413641645
25.5123186000419,0,-3.92154437941281
25.5395346989813,0,-3.93321290688694
25.5667636105261,0,-3.94489973441908
25.5940053134517,0,-3.95660487758943
25.6212597865334,0,-3.96832835197821
25.6485270085466,0,-3.98007017316563
25.6758069582666,0,-3.99183035673192
25.7030996144687,0,-4.00360891825729
25.7304049559282,0,-4.01540587332196
25.7577229614205,0,-4.02722123750614
25.785053609721,0,-4.03905502639004
25.8123968796048,0,-4.05090725555389
25.8397527498475,0,-4.0627779405779
25.8671211992242,0,-4.07466709704229
25.8945022065103,0,-4.08657474052728
25.9218957504813,0,-4.09850088661307
25.9493018099123,0,-4.11044555087989
25.9767203635787,0,-4.12240874890796
26.0041513902559,0,-4.13439049627748
26.0315948687192,0,-4.14639080856868
26.0590507777439,0,-4.15840970136177
26.0865190961053,0,-4.17044719023697
26.1139998025788,0,-4.18250329077449
26.1414928759397,0,-4.19457801855456
26.1689982949634,0,-4.20667138915738
26.1965160384251,0,-4.21878341816318
26.2240460851002,0,-4.23091412115216
26.251588413764,0,-4.24306351370456
26.2791430031919,0,-4.25523161140057
26.3067098321592,0,-4.26741842982043
26.3342888794412,0,-4.27962398454434
26.3618801238133,0,-4.29184829115253
26.3894835440507,0,-4.3040913652252
26.4170991189289,0,-4.31635322234258
26.444726827223,0,-4.32863387808488
26.4723666477086,0,-4.34093334803231
26.5000185591609,0,-4.3532516477651
26.5276825403552,0,-4.36558879286346
26.5553585700668,0,-4.37794479890761
26.5830466270712,0,-4.39031968147776
26.6107466901436,0,-4.40271345615413
26.6384587380593,0,-4.41512613851693
26.6661827495937,0,-4.42755774414639
26.6939187035221,0,-4.44000828862271
26.7216665786199,0,-4.45247778752613
26.7494263536624,0,-4.46496625643684
26.7771980074249,0,-4.47747371093506
26.8049815186827,0,-4.49000016660103
26.8327768662112,0,-4.50254563901494
26.8605840287856,0,-4.51511014375702
26.8884029851815,0,-4.52769369640748
26.9162337141739,0,-4.54029631254654
26.9440761945384,0,-4.55291800775442
26.9719304050502,0,-4.56555879761133
26.9997963244846,0,-4.57821869769748
27.027673931617,0,-4.59089772359311
27.0555632052228,0,-4.60359589087841
27.0834641240771,0,-4.61631321513361
27.1113766669555,0,-4.62904971193892
27.1393008126332,0,-4.64180539687457
27.1672365398855,0,-4.65458028552076
27.1951838274877,0,-4.66737439345771
27.2231426542153,0,-4.68018773626564
27.2511129988435,0,-4.69302032952477
27.2790948401476,0,-4.70587218881531
27.3070881569031,0,-4.71874332971748
27.3350929278851,0,-4.73163376781149
27.3631091318691,0,-4.74454351867757
27.3911367476304,0,-4.75747259789592
27.4191757539443,0,-4.77042102104676
27.4472261295861,0,-4.78338880371032
27.4752878533312,0,-4.7963759614668
27.503360903955,0,-4.80938250989642
27.5314452602326,0,-4.82240846457941
27.5595409009395,0,-4.83545384109597
27.587647804851,0,-4.84851865502632
27.6157659507425,0,-4.86160292195068
27.6438953173892,0,-4.87470665744926
27.6720358835664,0,-4.88782987710228
27.7001876280496,0,-4.90097259648997
27.7283505296141,0,-4.91413483119252
27.7565245670351,0,-4.92731659679017
27.784709719088,0,-4.94051790886312
27.8129059645482,0,-4.95373878299159
27.8411132821909,0,-4.96697923475581
27.8693316507915,0,-4.98023927973598
27.8975610491254,0,-4.99351893351232
27.9258014559678,0,-5.00681821166505
27.9540528500941,0,-5.02013712977438
27.9823152102797,0,-5.03347570342053
28.0105885152998,0,-5.04683394818373
28.0388727439297,0,-5.06021187964417
28.0671678749449,0,-5.07360951338209
28.0954738871207,0,-5.08702686497769
28.1237907592323,0,-5.10046395001119
28.1521184700551,0,-5.11392078406282
28.1804569983645,0,-5.12739738271278
28.2088063229357,0,-5.14089376154129
28.2371664225441,0,-5.15440993612856
28.265537275965,0,-5.16794592205483
28.2939188619738,0,-5.18150173490029
28.3223111593458,0,-5.19507739024517
28.3507141468563,0,-5.20867290366969
28.3791278032807,0,-5.22228829075405
28.4075521073942,0,-5.23592356707848
28.4359870379723,0,-5.2495787482232
28.4644325737902,0,-5.26325384976841
28.4928886936233,0,-5.27694888729433
28.5213553762468,0,-5.2906638763812
28.5498326004362,0,-5.3043988326092
28.5783203449668,0,-5.31815377155857
28.6068185886139,0,-5.33192870880953
28.6353273101528,0,-5.34572365994228
28.6638464883588,0,-5.35953864053704
28.6923761020073,0,-5.37337366617403
28.7209161298737,0,-5.38722875243347
28.7494665507332,0,-5.40110391489557
28.7780273433612,0,-5.41499916914055
28.8065984865329,0,-5.42891453074863
28.8351799590239,0,-5.44285001530002
28.8637717396093,0,-5.45680563837494
28.8923738070645,0,-5.47078141555359
28.9209861401648,0,-5.48477736241621
28.9496087176856,0,-5.49879349454301
28.9782415184021,0,-5.5128298275142
29.0068845210898,0,-5.52688637691
29.035537704524,0,-5.54096315831063
29.0642010474799,0,-5.5550601872963
29.092874528733,0,-5.56917747944723
29.1215581270585,0,-5.58331505034363
29.1502518212317,0,-5.59747291556573
29.1789555900281,0,-5.61165109069373
29.2076694122229,0,-5.62584959130786
29.2363932665915,0,-5.64006843298833
29.2651271319092,0,-5.65430763131535
29.2938709869513,0,-5.66856720186915
29.3226248104932,0,-5.68284716022994
29.3513885813101,0,-5.69714752197794
29.3801622781775,0,-5.71146830269335
29.4089458798706,0,-5.72580951795641
29.4377393651648,0,-5.74017118334732
29.4665427128354,0,-5.7545533144463
29.4953559016578,0,-5.76895592683357
29.5241789104072,0,-5.78337903608935
29.5530117178591,0,-5.79782265779384
29.5818543027886,0,-5.81228680752727
29.6107066439713,0,-5.82677150086986
29.6395687201823,0,-5.84127675340181
29.668440510197,0,-5.85580258070336
29.6973219927908,0,-5.8703489983547
29.726213146739,0,-5.88491602193606
29.7551139508169,0,-5.89950366702766
29.7840243837999,0,-5.91411194920971
29.8129444244632,0,-5.92874088406242
29.8418740515823,0,-5.94339048716602
29.8708132439324,0,-5.95806077410073
29.8997619802888,0,-5.97275176044674
29.928720239427,0,-5.9874634617843
29.9576880001222,0,-6.0021958936936
29.9866652411497,0,-6.01694907175487
30.015651941285,0,-6.03172301154831
30.0446480793032,0,-6.04651772865416
30.0736536339798,0,-6.06133323865263
30.1026685840902,0,-6.07616955712392
30.1316929084095,0,-6.09102669964826
30.1607265857131,0,-6.10590468180587
30.1897695947765,0,-6.12080351917696
30.2188219143748,0,-6.13572322734174
30.2478835232835,0,-6.15066382188044
30.2769544002778,0,-6.16562531837326
30.3060345241332,0,-6.18060773240044
30.3351238736248,0,-6.19561107954217
30.3642224275282,0,-6.21063537537869
30.3933301646185,0,-6.22568063549019
30.4224470636711,0,-6.24074687545691
30.4515731034614,0,-6.25583411085906
30.4807082627647,0,-6.27094235727685
30.5098525203563,0,-6.28607163029051
30.5390058550115,0,-6.30122194548023
30.5681682455057,0,-6.31639331842626
30.5973396706142,0,-6.33158576470879
30.6265201091123,0,-6.34679929990805
30.6557095397754,0,-6.36203393960425
30.6849079413788,0,-6.3772896993776
30.7141152926978,0,-6.39256659480834
30.7433315725078,0,-6.40786464147666
30.7725567595841,0,-6.42318385496279
30.801790832702,0,-6.43852425084695
30.8310337706368,0,-6.45388584470935
30.8602855521639,0,-6.4692686521302
30.8895461560586,0,-6.48467268868973
30.9188155610963,0,-6.50009796996814
30.9480937460522,0,-6.51554451154566
30.9773806897017,0,-6.53101232900251
31.0066763708202,0,-6.54650143791889
31.0359807681829,0,-6.56201185387503
31.0652938605652,0,-6.57754359245113
31.0946156267424,0,-6.59309666922743
31.1239460454899,0,-6.60867109978413
31.153285095583,0,-6.62426689970145
31.182632755797,0,-6.63988408455961
31.2119890049072,0,-6.65552266993882
31.241353821689,0,-6.6711826714193
31.2707271849177,0,-6.68686410458126
31.3001090733687,0,-6.70256698500493
31.3294994658172,0,-6.71829132827052
31.3588983410386,0,-6.73403714995824
31.3883056778083,0,-6.74980446564831
31.4177214549015,0,-6.76559329092095
31.4471456510935,0,-6.78140364135637
31.4765782451599,0,-6.7972355325348
31.5060192158757,0,-6.81308898003643
31.5354685420165,0,-6.82896399944151
31.5649262023574,0,-6.84486060633023
31.5943921756739,0,-6.86077881628282
31.6238664407413,0,-6.87671864487949
31.6533489763349,0,-6.89268010770046
31.68283976123,0,-6.90866322032594
31.7123387742019,0,-6.92466799833616
31.7418459940261,0,-6.94069445731132
31.7713613994778,0,-6.95674261283164
31.8008849693324,0,-6.97281248047735
31.8304166823651,0,-6.98890407582865
31.8599565173513,0,-7.00501741446577
31.8895044530664,0,-7.02115251196891
31.9190604682857,0,-7.0373093839183
31.9486245417845,0,-7.05348804589416
31.9781966523381,0,-7.06968851347669
32.0077767787219,0,-7.08591080224611
32.0373648997112,0,-7.10215492778265
32.0669609940814,0,-7.11842090566652
32.0965650406077,0,-7.13470875147792
32.1261770180654,0,-7.15101848079709
32.15579690523,0,-7.16735010920424
32.1854246808768,0,-7.18370365227957
32.2150603237811,0,-7.20007912560332
32.2447038127181,0,-7.21647654475569
32.2743551264633,0,-7.23289592531691
32.304014243792,0,-7.24933728286718
32.3336811434795,0,-7.26580063298673
32.3633558043011,0,-7.28228599125576
32.3930382050322,0,-7.29879337325451
32.4227283244481,0,-7.31532279456318
32.4524261413241,0,-7.33187427076199
32.4821316344356,0,-7.34844781743116
32.5118447825579,0,-7.36504345015089
32.5415655644663,0,-7.38166118450142
32.5712939589361,0,-7.39830103606296
32.6010299447427,0,-7.41496302041571
32.6307735006614,0,-7.43164715313991
32.6605246054676,0,-7.44835344981575
32.6902832379366,0,-7.46508192602347
32.7200493768436,0,-7.48183259734328
32.7498230009641,0,-7.49860547935539
32.7796040890734,0,-7.51540058764002
32.8093926199467,0,-7.53221793777739
32.8391885723595,0,-7.54905754534771
32.868991925087,0,-7.56591942593119
32.8988026569046,0,-7.58280359510807
32.9286207465877,0,-7.59971006845854
32.9584461729114,0,-7.61663886156284
32.9882789146513,0,-7.63358999000117
33.0181189505826,0,-7.65056346935375
33.0479662594806,0,-7.66755931520079
33.0778208201206,0,-7.68457754312252
33.1076826112781,0,-7.70161816869915
33.1375516117283,0,-7.7186812075109
33.1674278002466,0,-7.73576667513798
33.1973111556083,0,-7.75287458716061
33.2272016565887,0,-7.770004959159
33.2570992819631,0,-7.78715780671338
33.2870040105069,0,-7.80433314540395
33.3169158209955,0,-7.82153099081094
33.346834692204,0,-7.83875135851456
33.376760602908,0,-7.85599426409502
33.4066935318827,0,-7.87325972313256
33.4366334579034,0,-7.89054775120737
33.4665803597455,0,-7.90785836389967
33.4965342161842,0,-7.92519157678969
33.526495005995,0,-7.94254740545764
33.5564627079532,0,-7.95992586548373
33.586437300834,0,-7.97732697244819
33.6164187634129,0,-7.99475074193122
33.6464070744651,0,-8.01219718951305
33.676402212766,0,-8.02966633077389
33.7064041570909,0,-8.04715818129395
33.7364128862152,0,-8.06467275665346
33.7664283789141,0,-8.08221007243263
33.7964506139631,0,-8.09977014421167
33.8264795701373,0,-8.11735298757081
33.8565152262123,0,-8.13495861809026
33.8865575609632,0,-8.15258705135023
33.9166065531655,0,-8.17023830293094
33.9466621815944,0,-8.18791238841262
33.9767244250253,0,-8.20560932337546
34.0067932622335,0,-8.2233291233997
34.0368686719943,0,-8.24107180406554
34.0669506330832,0,-8.25883738095321
34.0970391242753,0,-8.27662586964292
34.1271341243461,0,-8.29443728571488
34.1572356120709,0,-8.31227164474932
34.187343566225,0,-8.33012896232644
34.2174579655837,0,-8.34800925402647
34.2475787889223,0,-8.36591253542962
34.2777060150163,0,-8.38383882211611
34.3078396226408,0,-8.40178812966615
34.3379795905714,0,-8.41976047365997
34.3681258975832,0,-8.43775586967777
34.3982785224516,0,-8.45577433329978
34.428437443952,0,-8.4738158801062
34.4586026408596,0,-8.49188052567726
34.4887740919499,0,-8.50996828559318
34.5189517759981,0,-8.52807917543416
34.5491356717795,0,-8.54621321078043
34.5793257580696,0,-8.56437040721219
34.6095220136436,0,-8.58255078030968
34.6397244172768,0,-8.6007543456531
34.6699329477447,0,-8.61898111882267
34.7001475838224,0,-8.63723111539861
34.7303683042854,0,-8.65550435096113
34.760595087909,0,-8.67380084109046
34.7908279134685,0,-8.69212060136679
34.8210667597392,0,-8.71046364737036
34.8513116054966,0,-8.72882999468138
34.8815624295158,0,-8.74721965888007
34.9118192105722,0,-8.76563265554663
34.9420819274413,0,-8.7840690002613
34.9723505588982,0,-8.80252870860427
35.0026250837183,0,-8.82101179615578
35.032905480677,0,-8.83951827849604
35.0631917285496,0,-8.85804817120526
35.0934838061114,0,-8.87660148986365
35.1237816921378,0,-8.89517825005145
35.154085365404,0,-8.91377846734886
35.1843948046854,0,-8.93240215733609
35.2147099887574,0,-8.95104933559337
35.2450308963953,0,-8.96972001770091
35.2753575063743,0,-8.98841421923893
35.3056897974699,0,-9.00713195578765
35.3360277484574,0,-9.02587324292727
35.366371338112,0,-9.04463809623802
35.3967205452092,0,-9.06342653130012
35.4270753485242,0,-9.08223856369377
35.4574357268324,0,-9.1010742089992
35.4878016589091,0,-9.11993348279662
35.5181731235297,0,-9.13881640066625
35.5485500994694,0,-9.15772297818831
35.5789325655036,0,-9.17665323094301
35.6093205004077,0,-9.19560717451056
35.639713882957,0,-9.21458482447119
35.6701126919267,0,-9.23358619640511
35.7005169060923,0,-9.25261130589254
35.7309265042291,0,-9.27166016851369
35.7613414651123,0,-9.29073279984878
35.7917617675173,0,-9.30982921547802
35.8221873902195,0,-9.32894943098164
35.8526183119942,0,-9.34809346193985
35.8830545116167,0,-9.36726132393286
35.9134959678623,0,-9.38645303254089
35.9439426595064,0,-9.40566860334416
35.9743945653244,0,-9.42490805192289
36.0048516640914,0,-9.44417139385728
36.0353139345829,0,-9.46345864472756
36.0657813555742,0,-9.48276982011394
36.0962539058407,0,-9.50210493559665
36.1267315641576,0,-9.52146400675589
36.1572143093003,0,-9.54084704917188
36.187702120044,0,-9.56025407842484
36.2181949751643,0,-9.57968511009499
36.2486928534363,0,-9.59914015976253
36.2791957336355,0,-9.6186192430077
36.309703594537,0,-9.6381223754107
36.3402164149164,0,-9.65764957255174
36.3707341735488,0,-9.67720085001106
36.4012568492097,0,-9.69677622336886
36.4317844206744,0,-9.71637570820536
36.4623168667181,0,-9.73599932010077
36.4928541661162,0,-9.75564707463532
36.5233962976442,0,-9.77531898738921
36.5539432400772,0,-9.79501507394267
36.5844949721906,0,-9.81473534987591
36.6150514727597,0,-9.83447983076915
36.64561272056,0,-9.8542485322026
36.6761786943666,0,-9.87404146975648
36.706749372955,0,-9.89385865901101
36.7373247351004,0,-9.9137001155464
36.7679047595783,0,-9.93356585494288
36.7984894251639,0,-9.95345589278064
36.8290787106325,0,-9.97337024463992
36.8596725947595,0,-9.99330892610093
36.8902710563203,0,-10.0132719527439
36.9208740740901,0,-10.033259340149
36.9514816268442,0,-10.0532711038965
36.9820936933581,0,-10.0733072595666
37.0127102524071,0,-10.0933678227395
37.0433312827664,0,-10.1134528089954
37.0739567632114,0,-10.1335622339146
37.1045866725174,0,-10.1536961130772
37.1352209894598,0,-10.1738544620635
37.1658596928139,0,-10.1940372964537
37.1965027613551,0,-10.214244631828
37.2271501738586,0,-10.2344764837666
37.2578019090998,0,-10.2547328678498
37.288457945854,0,-10.2750137996577
37.3191182628965,0,-10.2953192947706
37.3497828390027,0,-10.3156493687687
37.380451652948,0,-10.3360040372322
37.4111246835075,0,-10.3563833157413
37.4418019094568,0,-10.3767872198762
37.472483309571,0,-10.3972157652172
37.5031688626256,0,-10.4176689673445
37.5338585473959,0,-10.4381468418383
37.5645523426571,0,-10.4586494042788
37.5952502271846,0,-10.4791766702462
37.6259521797539,0,-10.4997286553207
37.6566581791401,0,-10.5203053750826
37.6873682041186,0,-10.5409068451121
37.7180822334647,0,-10.5615330809893
37.7488002459539,0,-10.5821840982946
37.7795222203613,0,-10.602859912608
37.8102481354624,0,-10.6235605395099
37.8409779700324,0,-10.6442859945805
37.8717117028468,0,-10.6650362933999
37.9024493126808,0,-10.6858114515484
37.9331907783097,0,-10.7066114846062
37.9639360785089,0,-10.7274364081535
37.9946851920538,0,-10.7482862377706
38.0254380977196,0,-10.7691609890376
38.0561947742817,0,-10.7900606775348
38.0869552005154,0,-10.8109853188424
38.117719355196,0,-10.8319349285405
38.1484872170989,0,-10.8529095222095
38.1792587649994,0,-10.8739091154295
38.2100339776729,0,-10.8949337237807
38.2408128338946,0,-10.9159833628435
38.2715953124399,0,-10.9370580481979
38.3023813920841,0,-10.9581577954242
38.3331710516026,0,-10.9792826201026
38.3639642697707,0,-11.0004325378133
38.3947610253637,0,-11.0216075641366
38.425561297157,0,-11.0428077146526
38.4563650639258,0,-11.0640330049417
38.4871723044455,0,-11.0852834505839
38.5179829974915,0,-11.1065590671595
38.5487971218391,0,-11.1278598702488
38.5796146562635,0,-11.1491858754319
38.6104355795402,0,-11.1705370982891
38.6412598704445,0,-11.1919135544005
38.6720875077516,0,-11.2133152593465
38.702918470237,0,-11.2347422287071
38.7337527366759,0,-11.2561944780627
38.7645902858437,0,-11.2776720229934
38.7954310965157,0,-11.2991748790795
38.8262751474673,0,-11.3207030619011
38.8571224174737,0,-11.3422565870386
38.8879728853104,0,-11.363835470072
38.9188265297526,0,-11.3854397265817
38.9496833295756,0,-11.4070693721478
38.9805432635549,0,-11.4287244223506
39.0114063104657,0,-11.4504048927703
39.0422724490833,0,-11.472110798987
39.0731416581831,0,-11.4938421565811
39.1040139165405,0,-11.5155989811326
39.1348892029307,0,-11.5373812882219
39.1657674961291,0,-11.5591890934292
39.196648774911,0,-11.5810224123346
39.2275330180517,0,-11.6028812605185
39.2584202043266,0,-11.6247656535609
39.2893103125111,0,-11.6466756070421
39.3202033213803,0,-11.6686111365424
39.3510992097098,0,-11.690572257642
39.3819979562747,0,-11.712558985921
39.4128995398504,0,-11.7345713369597
39.4438039392123,0,-11.7566093263383
39.4747111331357,0,-11.778672969637
39.5056211003959,0,-11.800762282436
39.5365338197683,0,-11.8228772803156
39.5674492700281,0,-11.845017978856
39.5983674299508,0,-11.8671843936374
39.6292882783116,0,-11.8893765402399
39.6602117938858,0,-11.9115944342439
39.6911379554489,0,-11.9338380912295
39.7220667417761,0,-11.9561075267769
39.7529981316428,0,-11.9784027564665
39.7839321038242,0,-12.0007237958783
39.8148686370958,0,-12.0230706605926
39.8458077102328,0,-12.0454433661896
39.8767493020106,0,-12.0678419282495
39.9076933912046,0,-12.0902663623526
