44.043206289691,-0,0
44.0500772810399,-0.277055503419241,0
44.0552217281592,-0.55419764268016,0
44.0586330451907,-0.831415652894835,0
44.0603084222079,-1.10869871051929,0
44.0602459853601,-1.3860359610846,0
44.058444315476,-1.66341652875469,0
44.0549022747486,-1.94082952127681,0
44.0496189261963,-2.21826403305606,0
44.0425934903385,-2.49570914729431,0
44.0338253195166,-2.77315393760144,0
44.0233138815735,-3.05058746928287,0
44.0110587489187,-3.32799880041594,0
43.9970595908931,-3.60537698278162,0
43.9813161682564,-3.88271106269378,0
43.9638283290948,-4.1599900817531,0
43.9445960057129,-4.43720307754456,0
43.923619212225,-4.71433908429153,0
43.9008980426563,-4.99138713347599,0
43.8764326694232,-5.2683362544317,0
43.8502233421006,-5.54517547491577,0
43.8222703864098,-5.82189382166239,0
43.7925742033779,-6.09848032092203,0
43.7611352686333,-6.37492399898842,0
43.7279541318084,-6.65121388271521,0
43.6930314160305,-6.92733900002409,0
43.6563678174816,-7.20328838040532,0
43.6179641050171,-7.47905105541196,0
43.5778211198314,-7.75461605914855,0
43.5359397751628,-8.02997242875489,0
43.4923210560309,-8.30510920488566,0
43.4469660190012,-8.58001543218624,0
43.3998757919726,-8.85468015976521,0
43.3510515739844,-9.12909244166391,0
43.3004946350384,-9.4032413373233,0
43.2482063159357,-9.67711591204846,0
43.1941880281242,-9.95070523747088,0
43.1384412535563,-10.2239983920088,0
43.0809675445537,-10.4969844613255,0
43.0217685236804,-10.7696525387865,0
42.9608458836204,-11.0419917259145,0
42.89820138706,-11.3139911328435,0
42.8338368665749,-11.5856398787708,0
42.7677542245195,-11.8569270924088,0
42.6999554329193,-12.1278419124347,0
42.6304425333649,-12.3983734879394,0
42.5592176369078,-12.6685109788753,0
42.4862829239571,-12.9382435565034,0
42.411640644177,-13.2075604038387,0
42.3352931163844,-13.4764507160953,0
42.257242728447,-13.7449037011301,0
42.1774919371811,-14.0129085798861,0
42.0960432682485,-14.2804545868343,0
42.0128993160535,-14.5475309704153,0
41.9280627436388,-14.8141269934794,0
41.8415362825802,-15.0802319337264,0
41.7533227328805,-15.3458350841443,0
41.6634249628622,-15.6109257534475,0
41.5718459090586,-15.8754932665137,0
41.4785885761036,-16.1395269648205,0
41.3836560366196,-16.4030162068808,0
41.2870514311047,-16.6659503686777,0
41.1887779678167,-16.9283188440983,0
41.0888389226567,-17.1901110453672,0
40.9872376390501,-17.4513164034783,0
40.8839775278257,-17.7119243686271,0
40.779062067093,-17.9719244106407,0
40.6724948021174,-18.2313060194082,0
40.5642793451936,-18.4900587053097,0
40.4544193755162,-18.7481719996443,0
40.342918639049,-19.0056354550579,0
40.2297809483916,-19.2624386459694,0
40.115010182644,-19.5185711689968,0
39.9986102872686,-19.7740226433814,0
39.8805852739505,-20.0287827114127,0
39.7609392204554,-20.2828410388504,0
39.6396762704847,-20.5361873153474,0
39.5168006335287,-20.7888112548706,0
39.3923165847176,-21.0407025961215,0
39.26622846467,-21.2918511029553,0
39.1385406793386,-21.5422465647997,0
39.0092576998542,-21.7918787970721,0
38.878384062367,-22.040737641596,0
38.7459243678856,-22.2888129670173,0
38.6118832821133,-22.5360946692176,0
38.4762655352825,-22.7825726717291,0
38.3390759219862,-23.0282369261459,0
38.2003193010072,-23.2730774125363,0
38.0600005951452,-23.5170841398528,0
37.9181247910413,-23.7602471463414,0
37.7746969389994,-24.0025564999504,0
37.6297221528065,-24.2440022987367,0
37.483205609549,-24.4845746712728,0
37.3351525494284,-24.7242637770513,0
37.1855682755724,-24.9630598068885,0
37.0344581538454,-25.2009529833275,0
36.8818276126557,-25.4379335610395,0
36.7276821427603,-25.6739918272243,0
36.5720272970674,-25.9091181020091,0
36.4148686904364,-26.1433027388467,0
36.2562119994756,-26.3765361249122,0
36.0960629623371,-26.6088086814983,0
35.9344273785099,-26.84011086441,0
35.7713111086099,-27.0704331643566,0
35.6067200741677,-27.2997661073446,0
35.4406602574145,-27.5281002550672,0
35.2731377010645,-27.7554262052935,0
35.1041585080961,-27.9817345922567,0
34.9337288415297,-28.20701608704,0
34.7618549242039,-28.431261397962,0
34.5885430385484,-28.6544612709603,0
34.4137995263555,-28.8766064899737,0
34.2376307885485,-29.0976878773233,0
34.0600432849479,-29.3176962940917,0
33.8810435340357,-29.5366226405014,0
33.7006381127161,-29.7544578562915,0
33.5188336560756,-29.9711929210924,0
33.335636857139,-30.1868188547998,0
33.1510544666244,-30.4013267179472,0
32.965093292695,-30.614707612076,0
32.7777602007088,-30.8269526801053,0
32.5890621129666,-31.0380531066992,0
32.3990060084563,-31.248000118633,0
32.2075989225964,-31.4567849851579,0
32.0148479469762,-31.6643990183639,0
31.8207602290941,-31.8708335735412,0
31.6253429720935,-32.0760800495403,0
31.4286034344963,-32.2801298891296,0
31.2305489299348,-32.4829745793526,0
31.0311868268801,-32.6846056518824,0
30.8305245483695,-32.8850146833751,0
30.6285695717311,-33.0841932958215,0
30.4253294283058,-33.2821331568968,0
30.2208117031679,-33.478825980309,0
30.015024034843,-33.6742635261452,0
29.8079741150233,-33.8684376012167,0
29.5996696882817,-34.0613400594013,0
29.390118551783,-34.2529628019855,0
29.1793285549929,-34.4432977780033,0
28.9673075993853,-34.6323369845741,0
28.7540636381469,-34.8200724672386,0
28.5396046758803,-35.0064963202931,0
28.323938768304,-35.1916006871215,0
28.1070740219514,-35.3753777605255,0
27.889018593867,-35.557819783054,0
27.6697806913006,-35.7389190473288,0
27.4493685713993,-35.9186678963703,0
27.2277905408978,-36.0970587239198,0
27.0050549558063,-36.2740839747608,0
26.7811702210966,-36.4497361450383,0
26.5561447903855,-36.6240077825753,0
26.3299871656174,-36.7968914871889,0
26.1027058967435,-36.968379911003,0
25.8743095813999,-37.1384657587598,0
25.6448068645832,-37.3071417881289,0
25.4142064383249,-37.4744008100149,0
25.1825170413623,-37.6402356888626,0
24.9497474588092,-37.8046393429602,0
24.7159065218235,-37.9676047447406,0
24.4810031072731,-38.1291249210806,0
24.2450461374002,-38.2891929535981,0
24.0080445794832,-38.4478019789471,0
23.7700074454969,-38.6049451891105,0
23.5309437917711,-38.7606158316913,0
23.2908627186468,-38.9148072102013,0
23.049773370131,-39.0675126843475,0
22.8076849335492,-39.2187256703169,0
22.5646066391965,-39.3684396410587,0
22.3205477599866,-39.5166481265645,0
22.0755176110989,-39.6633447141465,0
21.829525549624,-39.8085230487132,0
21.5825809742077,-39.9521768330431,0
21.3346933246923,-40.0942998280563,0
21.0858720817573,-40.2348858530835,0
20.8361267665571,-40.373928786133,0
20.5854669403584,-40.511422564156,0
20.3339022041745,-40.6473611833083,0
20.0814421983988,-40.7817386992114,0
19.8280966024362,-40.9145492272096,0
19.5738751343329,-41.0457869426268,0
19.3187875504047,-41.1754460810188,0
19.0628436448635,-41.3035209384253,0
18.8060532494418,-41.430005871618,0
18.5484262330166,-41.5548952983475,0
18.2899725012305,-41.6781836975874,0
18.0307019961119,-41.7998656097759,0
17.7706246956934,-41.9199356370554,0
17.509750613629,-42.0383884435092,0
17.248089798809,-42.1552187553969,0
16.9856523349741,-42.2704213613858,0
16.7224483403275,-42.3839911127813,0
16.4584879671459,-42.4959229237546,0
16.1937814013886,-42.6062117715671,0
15.9283388623051,-42.7148526967936,0
15.6621706020419,-42.8218408035421,0
15.3952869052473,-42.927171259672,0
15.1276980886743,-43.0308392970087,0
14.8594145007834,-43.1328402115574,0
14.5904465213428,-43.2331693637123,0
14.3208045610276,-43.3318221784655,0
14.0504990610179,-43.4287941456117,0
13.7795404925953,-43.5240808199513,0
13.5079393567378,-43.6176778214908,0
13.2357061837139,-43.7095808356406,0
12.9628515326754,-43.79978561341,0
12.6893859912478,-43.8882879716004,0
12.4153201751211,-43.9750837929956,0
12.1406647276383,-44.0601690265487,0
11.8654303193824,-44.143539687568,0
11.5896276477634,-44.2251918578993,0
11.3132674366025,-44.3051216861055,0
11.0363604357166,-44.3833253876445,0
10.7589174205005,-44.4597992450433,0
10.4809491915084,-44.534539608071,0
10.2024665740345,-44.6075428939075,0
9.92348041769172,-44.678805587311,0
9.64400159599019,-44.7483242407822,0
9.36404100591394,-44.8160954747255,0
9.08360956749686,-44.8821159776087,0
8.80271822339748,-44.9463825061189,0
8.52137793847273,-45.0088918853166,0
8.23959969935061,-45.0696410087861,0
7.95739451400192,-45.1286268387848,0
7.67477341131093,-45.185846406388,0
7.39174744064508,-45.2412968116325,0
7.10832767142371,-45.2949752236568,0
6.82452519268584,-45.3468788808385,0
6.54035111265701,-45.3970050909297,0
6.25581655831521,-45.4453512311887,0
5.97093267495588,-45.4919147485099,0
5.68571062575605,-45.5366931595503,0
5.40016159133765,-45.5796840508537,0
5.11429676932982,-45.6208850789721,0
4.82812737393062,-45.660293970584,0
4.54166463546768,-45.6979085226106,0
4.25491979995824,-45.7337266023284,0
3.96790412866829,-45.7677461474802,0
3.680628897671,-45.799965166382,0
3.39310539740437,-45.8303817380281,0
3.10534493222818,-45.8589940121932,0
2.81735881998022,-45.8858002095315,0
2.52915839153176,-45.9107986216732,0
2.24075499034252,-45.9339876113181,0
1.95215997201469,-45.9553656123267,0
1.66338470384659,-45.9749311298081,0
1.37444056438552,-45.9926827402053,0
1.08533894298011,-46.0086190913779,0
0.796091239332017,-46.0227389026813,0
0.506708863047042,-46.0350409650441,0
0.217203233185744,-46.0455241410418,0
-0.0724142221865323,-46.0541873649681,0
-0.362132066450136,-46.0610296429034,0
-0.651938854882053,-46.0660500527801,0
-0.941823135107427,-46.0692477444456,0
-1.23177344755145,-46.0706219397221,0
-1.52177832589178,-46.0701719324636,0
-1.81182629751129,-46.0678970886101,0
-2.10190588395139,-46.0637968462392,0
-2.39200560136555,-46.0578707156141,0
-2.68211396097338,-46.0501182792299,0
-2.97221946951498,-46.0405391918559,0
-3.26231062970561,-46.0291331805758,0
-3.55237594069075,-46.0159000448247,0
-3.84240389850141,-46.0008396564234,0
-4.1323829965098,-45.9839519596096,0
-4.4223017258852,-45.9652369710666,0
-4.7121485760501,-45.9446947799487,0
-5.00191203513659,-45.9223255479041,0
-5.29158059044298,-45.8981295090947,0
-5.58114272889055,-45.8721069702133,0
-5.87058693748059,-45.8442583104972,0
-6.15990170375149,-45.8145839817402,0
-6.44907551623606,-45.7830845083001,0
-6.7380968649189,-45.7497604871051,0
-7.02695424169395,-45.7146125876555,0
-7.3156361408221,-45.677641552024,0
-7.60413105938886,-45.6388481948524,0
-7.89242749776209,-45.5982334033453,0
-8.18051396004976,-45.5557981372617,0
-8.46837895455776,-45.5115434289023,0
-8.75601099424764,-45.4654703830958,0
-9.04339859719443,-45.4175801771803,0
-9.33053028704432,-45.3678740609835,0
-9.61739459347237,-45.3163533567991,0
-9.90398005264003,-45.2630194593604,0
-10.1902752076528,-45.2078738358111,0
-10.4762686090173,-45.1509180256736,0
-10.761948815099,-45.0921536408135,0
-11.0473043925791,-45.0315823654024,0
-11.3323239169111,-44.9692059558766,0
-11.6169959727785,-44.9050262408937,0
-11.9013091545502,-44.8390451212862,0
-12.185252066738,-44.7712645700119,0
-12.4688133244518,-44.7016866321021,0
-12.7519815538559,-44.6303134246056,0
-13.0347453926246,-44.5571471365314,0
-13.3170934903971,-44.4821900287877,0
-13.5990145092332,-44.4054444341175,0
-13.8804971240669,-44.3269127570327,0
-14.1615300231617,-44.246597473744,0
-14.4421019085641,-44.1645011320887,0
-14.7222014965569,-44.0806263514553,0
-15.0018175181128,-43.9949758227054,0
-15.2809387193468,-43.9075523080925,0
-15.5595538619688,-43.8183586411782,0
-15.8376517237349,-43.7273977267456,0
-16.1152210988995,-43.6346725407091,0
-16.3922507986654,-43.5401861300226,0
-16.6687296516346,-43.4439416125836,0
-16.9446465042581,-43.345942177135,0
-17.219990221285,-43.2461910831644,0
-17.4947496862113,-43.1446916608,0
-17.7689138017281,-43.0414473107037,0
-18.042471490169,-42.9364615039615,0
-18.3154116939569,-42.8297377819713,0
-18.5877233760506,-42.7212797563275,0
-18.8593955203901,-42.6110911087026,0
-19.1304171323418,-42.4991755907267,0
-19.4007772391424,-42.3855370238634,0
-19.6704648903428,-42.2701792992835,0
-19.9394691582507,-42.1531063777353,0
-20.2077791383727,-42.0343222894125,0
-20.4753839498556,-41.9138311338192,0
-20.742272735927,-41.7916370796321,0
-21.0084346643348,-41.6677443645598,0
-21.2738589277865,-41.5421572951994,0
-21.5385347443867,-41.4148802468901,0
-21.802451358075,-41.2859176635645,0
-22.0655980390618,-41.1552740575969,0
-22.327964084264,-41.022954009648,0
-22.5895388177396,-40.8889621685087,0
-22.850311591121,-40.7533032509388,0
-23.1102717840484,-40.6159820415053,0
-23.3694088046006,-40.4770033924158,0
-23.6277120897267,-40.3363722233508,0
-23.885171105675,-40.1940935212923,0
-24.1417753484226,-40.0501723403501,0
-24.3975143441024,-39.9046138015852,0
-24.6523776494302,-39.7574230928303,0
-24.9063548521303,-39.608605468508,0
-25.1594355713599,-39.4581662494463,0
-25.4116094581327,-39.3061108226906,0
-25.6628661957411,-39.1524446413141,0
-25.9131955001775,-38.9971732242244,0
-26.1625871205542,-38.8403021559689,0
-26.4110308395226,-38.6818370865354,0
-26.6585164736905,-38.5217837311524,0
-26.9050338740392,-38.3601478700848,0
-27.1505729263379,-38.1969353484281,0
-27.3951235515587,-38.0321520758991,0
-27.6386757062887,-37.8658040266253,0
-27.881219383142,-37.6978972389296,0
-28.1227446111697,-37.5284378151147,0
-28.363241456269,-37.3574319212428,0
-28.6027000215905,-37.1848857869142,0
-28.8411104479451,-37.0108057050426,0
-29.0784629142084,-36.8351980316278,0
-29.3147476377245,-36.6580691855257,0
-29.5499548747084,-36.4794256482165,0
-29.7840749206463,-36.2992739635694,0
-30.0170981106954,-36.1176207376051,0
-30.2490148200817,-35.9344726382559,0
-30.4798154644966,-35.7498363951231,0
-30.7094905004917,-35.5637187992315,0
-30.9380304258726,-35.3761267027824,0
-31.1654257800906,-35.1870670189027,0
-31.3916671446339,-34.9965467213928,0
-31.6167451434156,-34.804572844471,0
-31.8406504431623,-34.6111524825158,0
-32.0633737537991,-34.4162927898061,0
-32.2849058288342,-34.2200009802582,0
-32.5052374657417,-34.0222843271608,0
-32.7243595063427,-33.8231501629073,0
-32.9422628371848,-33.622605878726,0
-33.1589383899197,-33.4206589244076,0
-33.3743771416797,-33.21731680803,0
-33.588570115452,-33.0125870956816,0
-33.8015083804516,-32.8064774111809,0
-34.0131830524924,-32.5989954357949,0
-34.2235852943566,-32.3901489079546,0
-34.4327063161624,-32.1799456229678,0
-34.6405373757298,-31.9683934327303,0
-34.8470697789448,-31.7555002454339,0
-35.052294880122,-31.5412740252729,0
-35.2562040823646,-31.3257227921475,0
-35.4587888379238,-31.1088546213655,0
-35.6600406485553,-30.8906776433413,0
-35.8599510658746,-30.6712000432928,0
-36.0585116917102,-30.4504300609356,0
-36.2557141784549,-30.2283759901759,0
-36.4515502294154,-30.0050461787998,0
-36.6460115991597,-29.7804490281617,0
-36.839090093863,-29.5545929928693,0
-37.0307775716513,-29.3274865804671,0
-37.2210659429432,-29.0991383511173,0
-37.4099471707899,-28.869556917279,0
-37.5974132712129,-28.6387509433844,0
-37.7834563135398,-28.4067291455136,0
-37.9680684207386,-28.1735002910668,0
-38.1512417697492,-27.9390731984345,0
-38.3329685918134,-27.7034567366654,0
-38.5132411728025,-27.4666598251322,0
-38.6920518535434,-27.2286914331957,0
-38.8693930301422,-26.9895605798661,0
-39.0452571543057,-26.7492763334628,0
-39.2196367336606,-26.5078478112716,0
-39.3925243320717,-26.2652841792003,0
-39.5639125699564,-26.0215946514319,0
-39.7337941245983,-25.7767884900763,0
-39.9021617304581,-25.5308750048188,0
-40.0690081794822,-25.2838635525682,0
-40.2343263214097,-25.0357635371014,0
-40.3981090640766,-24.7865844087072,0
-40.5603493737182,-24.536335663827,0
-40.7210402752692,-24.2850268446946,0
-40.8801748526615,-24.0326675389735,0
-41.0377462491196,-23.7792673793921,0
-41.193747667454,-23.5248360433775,0
-41.3481723703527,-23.2693832526868,0
-41.5010136806694,-23.0129187730372,0
-41.6522649817102,-22.7554524137335,0
-41.8019197175181,-22.4969940272942,0
-41.9499713931545,-22.2375535090757,0
-42.096413574979,-21.9771407968945,0
-42.2412398909265,-21.7157658706477,0
-42.3844440307821,-21.4534387519315,0
-42.5260197464537,-21.1901695036582,0
-42.6659608522423,-20.9259682296715,0
-42.8042612251092,-20.6608450743593,0
-42.9409148049421,-20.3948102222657,0
-43.0759155948174,-20.1278738977007,0
-43.2092576612613,-19.8600463643482,0
-43.3409351345074,-19.5913379248726,0
-43.4709422087529,-19.3217589205234,0
-43.5992731424114,-19.0513197307383,0
-43.7259222583638,-18.7800307727444,0
-43.8508839442066,-18.5079025011584,0
-43.9741526524978,-18.2349454075841,0
-44.095722901,-17.9611700202095,0
-44.2155892729213,-17.6865869034012,0
-44.3337464171536,-17.411206657298,0
-44.4501890485083,-17.1350399174027,0
-44.5649119479497,-16.858097354172,0
-44.6779099628254,-16.5803896726056,0
-44.7891780070945,-16.3019276118328,0
-44.8987110615534,-16.0227219446988,0
-45.0065041740585,-15.7427834773482,0
-45.1125524597465,-15.4621230488083,0
-45.2168511012525,-15.1807515305697,0
-45.3193953489251,-14.8986798261667,0
-45.4201805210388,-14.6159188707552,0
-45.5192020040039,-14.33247963069,0
-45.6164552525743,-14.0483731031002,0
-45.7119357900515,-13.7636103154633,0
-45.8056392084871,-13.4782023251782,0
-45.897561168882,-13.1921602191368,0
-45.9876974013829,-12.9054951132939,0
-46.0760437054768,-12.6182181522362,0
-46.1625959501817,-12.3303405087499,0
-46.2473500742356,-12.041873383387,0
-46.3303020862823,-11.7528280040303,0
-46.4114480650547,-11.4632156254572,0
-46.4907841595551,-11.1730475289025,0
-46.5683065892332,-10.8823350216193,0
-46.6440116441609,-10.5910894364396,0
-46.7178956852045,-10.2993221313331,0
-46.7899551441947,-10.0070444889653,0
-46.8601865240926,-9.71426791625384,0
-46.9285863991544,-9.42100384392442,0
-46.9951514150921,-9.12726372606514,0
-47.0598782892324,-8.83305903967993,0
-47.1227638106717,-8.53840128424089,0
-47.1838048404296,-8.24330198123963,0
-47.2429983115985,-7.94777267373737,0
-47.3003412294909,-7.65182492591439,0
-47.3558306717841,-7.35547032261801,0
-47.4094637886613,-7.05872046891015,0
-47.4612378029506,-6.76158698961327,0
-47.5111500102609,-6.46408152885606,0
-47.559197779115,-6.16621574961755,0
-47.6053785510797,-5.86800133327089,0
-47.6496898408932,-5.56944997912567,0
-47.6921292365896,-5.27057340396995,0
-47.7326943996203,-4.971383341611,0
-47.7713830649734,-4.67189154241523,0
-47.8081930412885,-4.37210977284767,0
-47.8431222109708,-4.07204981501012,0
-47.8761685303004,-3.77172346617905,0
-47.9073300295398,-3.47114253834218,0
-47.9366048130379,-3.1703188577349,0
-47.963991059332,-2.86926426437534,0
-47.9894870212455,-2.56799061159939,0
-48.013091025984,-2.26650976559437,0
-48.0348014752274,-1.96483360493255,0
-48.0546168452202,-1.66297402010368,0
-48.0725356868579,-1.36094291304708,0
-48.0885566257706,-1.05875219668296,0
-48.1026783624045,-0.756413794443275,0
-48.1148996720992,-0.453939639801947,0
-48.1252194051631,-0.151341675804334,0
-48.1336364869451,0.151368145403381,0
-48.1401499179041,0.454177863045955,0
-48.1447587736747,0.757075508190714,0
-48.1474622051305,1.06004910422022,0
-48.1482594384444,1.36308666730505,0
-48.1471497751455,1.66617620687722,0
-48.1441325921737,1.96930572610393,0
-48.1392073419306,2.27246322236179,0
-48.132373552328,2.57563668771145,0
-48.1236308268331,2.87881410937254,0
-48.1129788445109,3.18198347019906,0
-48.1004173600631,3.48513274915503,0
-48.0859462038651,3.78824992179051,0
-48.0695652819987,4.09132296071795,0
-48.0512745762827,4.39433983608868,0
-48.0310741443001,4.69728851606989,0
-48.0089641194227,5.00015696732168,0
-47.984944710832,5.30293315547439,0
-47.9590162035378,5.60560504560618,0
-47.9311789583932,5.90816060272072,0
-47.9014334121075,6.21058779222514,0
-47.8697800772545,6.51287458040804,0
-47.8362195422799,6.81500893491772,0
-47.8007524715036,7.11697882524049,0
-47.7633796051204,7.41877222317903,0
-47.7241017591972,7.72037710333085,0
-47.682919825667,8.02178144356697,0
-47.6398347723204,8.32297322551024,0
-47.5948476427934,8.62394043501423,0
-47.5479595565528,8.92467106264152,0
-47.4991717088783,9.22515310414249,0
-47.4484853708414,9.52537456093378,0
-47.3959018892818,9.82532344057673,0
-47.3414226867804,10.1249877572558,0
-47.2850492616288,10.424355532257,0
-47.2267831877973,10.7234147944459,0
-47.1666261148982,11.0221535807456,0
-47.1045797681466,11.3205599366151,0
-47.0406459483194,11.6186219165265,0
-46.974826531709,11.9163275844428,0
-46.9071234700762,12.2136650142952,0
-46.8375387905984,12.5106222904603,0
-46.7660745958159,12.8071875082368,0
-46.6927330635749,13.103348774322,0
-46.617516446967,13.3990942072885,0
-46.5404270742661,13.6944119380597,0
-46.4614673488625,13.989290110386,0
-46.3806397491937,14.2837168813195,0
-46.2979468286719,14.5776804216898,0
-46.2133912156091,14.8711689165776,0
-46.1269756131389,15.1641705657897,0
-46.0387027991354,15.4566735843323,0
-45.9485756261287,15.7486662028847,0
-45.8565970212179,16.0401366682718,0
-45.762769985981,16.3310732439367,0
-45.6670975963817,16.6214642104126,0
-45.5695830026733,16.9112978657941,0
-45.4702294292992,17.200562526208,0
-45.3690401747911,17.489246526284,0
-45.2660186116641,17.777338219624,0
-45.1611681863079,18.0648259792712,0
-45.0544924188766,18.351698198179,0
-44.9459949031738,18.6379432896787,0
-44.8356793065364,18.9235496879468,0
-44.7235493697141,19.2085058484714,0
-44.6096089067467,19.4928002485185,0
-44.493861804838,19.7764213875968,0
-44.3763120242273,20.0593577879225,0
-44.2569635980575,20.3415979948829,0
-44.13582063224,20.6231305774994,0
-44.0128873053176,20.9039441288896,0
-43.8881678683235,21.184027266729,0
-43.7616666446381,21.4633686337113,0
-43.6333880298422,21.7419568980083,0
-43.5033364915676,22.0197807537288,0
-43.3715165693453,22.2968289213766,0
-43.2379328744496,22.5730901483079,0
-43.1025900897407,22.848553209187,0
-42.965492969503,23.1232069064422,0
-42.8266463392816,23.3970400707199,0
-42.6860550957155,23.6700415613378,0
-42.5437242063677,23.9422002667378,0
-42.3996587095527,24.2135051049371,0
-42.2538637141613,24.4839450239788,0
-42.1063443994819,24.753509002381,0
-41.9571060150195,25.0221860495854,0
-41.8061538803121,25.2899652064043,0
-41.6534933847428,25.5568355454672,0
-41.4991299873513,25.8227861716652,0
-41.3430692166405,26.0878062225954,0
-41.1853166703814,26.3518848690035,0
-41.0258780154151,26.6150113152255,0
-40.8647589874512,26.877174799628,0
-40.7019653908649,27.1383645950475,0
-40.5375030984894,27.3985700092284,0
-40.3713780514072,27.6577803852599,0
-40.2035962587374,27.9159851020113,0
-40.0341637974213,28.1731735745663,0
-39.863086812004,28.4293352546561,0
-39.6903715144143,28.6844596310911,0
-39.5160241837414,28.9385362301909,0
-39.3400511660086,29.1915546162136,0
-39.1624588739449,29.4435043917835,0
-38.9832537867534,29.694375198317,0
-38.8024424498769,29.9441567164477,0
-38.6200314747612,30.19283866645,0
-38.4360275386154,30.4404108086608,0
-38.2504373841696,30.6868629439002,0
-38.0632678194297,30.9321849138908,0
-37.8745257174299,31.176366601675,0
-37.6842180159824,31.4193979320316,0
-37.492351717424,31.6612688718898,0
-37.2989338883609,31.9019694307429,0
-37.1039716594098,32.1414896610595,0
-36.9074722249376,32.3798196586936,0
-36.7094428427973,32.616949563293,0
-36.5098908340617,32.8528695587058,0
-36.3088235827555,33.0875698733863,0
-36.1062485355825,33.3210407807978,0
-35.9021732016528,33.5532725998147,0
-35.6966051522056,33.7842556951231,0
-35.4895520203304,34.013980477619,0
-35.281021500685,34.2424374048051,0
-35.0710213492114,34.4696169811863,0
-34.8595593828492,34.6955097586627,0
-34.6466434792459,34.9201063369216,0
-34.4322815764656,35.1433973638271,0
-34.2164816726942,35.3653735358086,0
-33.999251825943,35.5860255982467,0
-33.7806001537489,35.8053443458578,0
-33.5605348328735,36.0233206230771,0
-33.3390640989979,36.2399453244392,0
-33.1161962464167,36.4552093949569,0
-32.8919396277285,36.6691038304987,0
-32.6663026535249,36.8816196781637,0
-32.439293792076,37.0927480366551,0
-32.2109215690141,37.3024800566515,0
-31.9811945670156,37.5108069411761,0
-31.7501214254792,37.7177199459648,0
-31.5177108402025,37.9232103798313,0
-31.2839715630566,38.1272696050304,0
-31.0489124016576,38.3298890376201,0
-30.8125422190362,38.531060147821,0
-30.5748699333047,38.7307744603735,0
-30.3359045173221,38.9290235548933,0
-30.0956549983567,39.1257990662253,0
-29.8541304577462,39.3210926847943,0
-29.6113400305557,39.5148961569545,0
-29.367292905234,39.7072012853369,0
-29.1219983232665,39.8979999291938,0
-28.8754655788268,40.087284004742,0
-28.6277040184257,40.2750454855036,0
-28.3787230405585,40.4612764026443,0
-28.1285320953489,40.6459688453101,0
-27.8771406841925,40.8291149609614,0
-27.6245583593963,41.0107069557049,0
-27.3707947238173,41.1907370946236,0
-27.1158594304989,41.3691977021042,0
-26.8597621823042,41.5460811621627,0
-26.6025127315484,41.721379918767,0
-26.3441208796283,41.8950864761581,0
-26.0845964766499,42.0671933991686,0
-25.8239494210546,42.2376933135384,0
-25.5621896592418,42.4065789062295,0
-25.2993271851913,42.5738429257366,0
-25.0353720400824,42.739478182397,0
-24.7703343119115,42.9034775486974,0
-24.5042241351075,43.0658339595779,0
-24.2370516901455,43.226540412735,0
-23.9688272031583,43.3855899689205,0
-23.699560945546,43.5429757522395,0
-23.4292632335835,43.6986909504449,0
-23.1579444280266,43.8527288152302,0
-22.8856149337159,44.0050826625192,0
-22.6122851991781,44.1557458727542,0
-22.3379657162268,44.3047118911804,0
-22.0626670195608,44.4519742281292,0
-21.7863996863597,44.5975264592979,0
-21.5091743358792,44.7413622260279,0
-21.2310016290436,44.8834752355794,0
-20.9518922680367,45.023859261404,0
-20.6718569958912,45.1625081434153,0
-20.3909065960757,45.2994157882559,0
-20.1090518920806,45.4345761695628,0
-19.8263037470024,45.5679833282295,0
-19.5426730631252,45.6996313726661,0
-19.2581707815015,45.8295144790562,0
-18.9728078815313,45.9576268916118,0
-18.6865953805388,46.0839629228255,0
-18.3995443333482,46.2085169537193,0
-18.1116658318573,46.331283434092,0
-17.8229710046101,46.4522568827626,0
-17.5334710163672,46.5714318878124,0
-17.2431770676747,46.6888031068236,0
-16.9521003944319,46.804365267115,0
-16.6602522674573,46.9181131659759,0
-16.3676439920529,47.0300416708964,0
-16.0742869075666,47.1401457197957,0
-15.7801923869544,47.2484203212473,0
-15.4853718363397,47.3548605547012,0
-15.1898366945717,47.4594615707042,0
-14.8935984327826,47.5622185911166,0
-14.5966685539431,47.6631269093266,0
-14.2990585924163,47.7621818904617,0
-14.0007801135104,47.8593789715977,0
-13.7018447130301,47.9547136619642,0
-13.4022640168268,48.0481815431484,0
-13.1020496803465,48.1397782692945,0
-12.8012133881777,48.2294995673023,0
-12.4997668535972,48.3173412370211,0
-12.1977218181147,48.4032991514417,0
-11.8950900510159,48.4873692568859,0
-11.591883348905,48.569547573192,0
-11.2881135352454,48.6498301938987,0
-10.9837924598996,48.7282132864252,0
-10.678931998667,48.8046930922487,0
-10.3735440528217,48.8792659270795,0
-10.0676405486486,48.9519281810325,0
-9.76123343697791,49.0226763187959,0
-9.45433469271907,49.0915068797978,0
-9.14695631439372,49.1584164783687,0
-8.83911032366699,49.2234018039019,0
-8.53080876487794,49.2864596210108,0
-8.2220637045691,49.3475867696831,0
-7.91288723101489,49.4067801654319,0
-7.60329145374892,49.4640367994446,0
-7.29328850309019,49.5193537387281,0
-6.98289052966875,49.572728126251,0
-6.67210970394975,49.6241571810837,0
-6.36095821575722,49.6736381985342,0
-6.04944827379619,49.7211685502824,0
-5.73759210517464,49.7667456845101,0
-5.42540195492401,49.8103671260287,0
-5.11289008551896,49.8520304764039,0
-4.8000687763964,49.891733414077,0
-4.48695032347367,49.9294736944838,0
-4.17354703866581,49.9652491501697,0
-3.85987124940188,49.9990576909024,0
-3.54593529814098,50.0308973037812,0
-3.23175154188687,50.0607660533437,0
-2.9173323517025,50.0886620816691,0
-2.60269011222316,50.114583608478,0
-2.28783722116962,50.1385289312306,0
-1.97278608885981,50.1604964252201,0
-1.65754913772065,50.1804845436643,0
-1.34213880179844,50.1984918177936,0
-1.02656752626931,50.2145168569358,0
-0.710847766948622,50.2285583485984,0
-0.394991989799781,50.2406150585473,0
-0.0790126704429094,50.2506858308824,0
0.23707770633769,50.2587695881106,0
0.553266647085893,50.2648653312152,0
0.869541650167342,50.2689721397224,0
1.18589020626281,50.2710891717648,0
1.50229979886276,50.2712156641418,0
1.81875790476162,50.2693509323762,0
2.13525199455328,50.2654943707693,0
2.45176953312615,50.2596454524508,0
2.76829798015952,50.2518037294274,0
3.08482479061944,50.2419688326273,0
3.40133741525553,50.2301404719415,0
3.71782330109807,50.216318436263,0
4.03426989195497,50.2005025935213,0
4.35066462890974,50.1826928907154,0
4.66699495081898,50.1628893539423,0
4.98324829481082,50.1410920884232,0
5.29941209678302,50.1173012785267,0
5.6154737919018,50.0915171877877,0
5.93142081510034,50.0637401589244,0
6.24724060157806,50.033970613852,0
6.56292058729944,50.0022090536923,0
6.87844820949342,49.9684560587813,0
7.19381090715282,49.9327122886729,0
7.50899612153382,49.8949784821398,0
7.82399129665533,49.8552554571714,0
8.13878387979878,49.8135441109678,0
8.45336132200782,49.7698454199318,0
8.76771107858794,49.7241604396567,0
9.08182060960604,49.6764903049111,0
9.39567738039022,49.6268362296218,0
9.70926886202949,49.5751995068515,0
10.0225825318731,49.5215815087749,0
10.3356058740302,49.4659836866513,0
10.6483263798692,49.4084075707933,0
10.9607315485171,49.3488547705338,0
11.2728088873584,49.2873269741881,0
11.5845459125343,49.2238259490145,0
11.8959301494414,49.1583535411704,0
12.2069491332303,49.0909116756664,0
12.5175904093041,49.0215023563161,0
12.8278415338163,48.9501276656837,0
13.1376900741688,48.876789765028,0
13.4471236095099,48.8014908942435,0
13.7561297312307,48.7242333717977,0
14.064696043463,48.6450195946665,0
14.3728101635754,48.563852038265,0
14.6804597226699,48.4807332563763,0
14.9876323660777,48.3956658810765,0
15.2943157538545,48.308652622657,0
15.6004975612762,48.2196962695431,0
15.906165479333,48.1287996882102,0
16.2113072152237,48.0359658230964,0
16.5159104928498,47.9411976965119,0
16.8199630533083,47.8444984085454,0
17.1234526553847,47.7458711369677,0
17.426367076045,47.6453191371316,0
17.7286941109276,47.542845741869,0
18.0304215748342,47.4384543613852,0
18.33153730222,47.3321484831491,0
18.6320291476841,47.2239316717816,0
18.9318849864582,47.1138075689398,0
19.2310927148956,47.0017798931985,0
19.5296402509587,46.8878524399291,0
19.8275155347063,46.7720290811742,0
20.1247065287805,46.6543137655206,0
20.4212012188915,46.534710517968,0
20.7169876143038,46.413223439795,0
21.0120537483193,46.2898567084224,0
21.3063876787617,46.164614577273,0
21.5999774884582,46.0375013756285,0
21.892811285722,45.908521508483,0
22.184877204833,45.7776794563943,0
22.4761634065179,45.6449797753308,0
22.766658078429,45.510427096517,0
23.0563494356233,45.3740261262743,0
23.3452257210392,45.2357816458601,0
23.6332752059728,45.0956985113029,0
23.9204861905539,44.9537816532351,0
24.2068470042202,44.8100360767224,0
24.4923460061905,44.6644668610898,0
24.7769715859375,44.5170791597458,0
25.0607121636587,44.3678782000022,0
25.3435561907475,44.2168692828917,0
25.6254921502617,44.0640577829825,0
25.9065085573917,43.9094491481895,0
26.1865939599282,43.7530488995831,0
26.4657369387272,43.5948626311941,0
26.7439261081753,43.4348960098168,0
27.021150116653,43.2731547748086,0
27.2973976469973,43.1096447378859,0
27.5726574169626,42.9443717829186,0
27.8469181796804,42.7773418657205,0
28.1201687241185,42.6085610138368,0
28.3923978755384,42.4380353263294,0
28.6635944959505,42.2657709735589,0
28.93374748457,42.0917741969632,0
29.2028457782697,41.9160513088341,0
29.4708783520325,41.7386086920902,0
29.7378342194017,41.5594528000477,0
30.0037024329309,41.3785901561875,0
30.2684720846316,41.1960273539199,0
30.53213230642,41.0117710563466,0
30.7946722705621,40.8258279960196,0
31.056081190117,40.6382049746969,0
31.31634831938,40.4489088630961,0
31.5754629543223,40.2579466006447,0
31.8334144330306,40.0653251952279,0
32.0901921361453,39.8710517229329,0
32.3457854872957,39.6751333277914,0
32.6001839535353,39.4775772215187,0
32.8533770457744,39.27839068325,0
33.1053543192118,39.077581059274,0
33.3561053737645,38.875155762764,0
33.6056198544954,38.6711222735062,0
33.8538874520406,38.4654881376247,0
34.1008979030337,38.2582609673042,0
34.3466409905289,38.0494484405105,0
34.5911065444228,37.8390583007071,0
34.8342844418739,37.6270983565703,0
35.0761646077206,37.4135764817007,0
35.3167370148976,37.1985006143325,0
35.5559916848499,36.98187875704,0
35.7939186879462,36.7637189764416,0
36.0305081438893,36.5440294029008,0
36.2657502221249,36.322818230225,0
36.4996351422494,36.1000937153612,0
36.7321531744149,35.8758641780896,0
36.9632946397329,35.6501380007143,0
37.1930499106755,35.4229236277514,0
37.4214094114755,35.1942295656143,0
37.6483636185238,34.9640643822974,0
37.8739030607656,34.7324367070559,0
38.098018320094,34.499355230084,0
38.3207000317417,34.2648287021903,0
38.5419388846715,34.0288659344704,0
38.7617256219638,33.7914757979778,0
38.9800510412021,33.5526672233911,0
39.1969059948579,33.3124492006799,0
39.4122813906713,33.0708307787675,0
39.6261681920316,32.8278210651911,0
39.8385574183544,32.5834292257605,0
40.0494401454574,32.3376644842129,0
40.2588075059337,32.0905361218666,0
40.4666506895233,31.8420534772714,0
40.6729609434819,31.5922259458572,0
40.877729572948,31.34106297958,0
41.0809479413079,31.0885740865652,0
41.2826074705581,30.8347688307492,0
41.4826996416656,30.5796568315181,0
41.6812159949265,30.3232477633446,0
41.8781481303214,30.0655513554219,0
42.0734877078695,29.8065773912957,0
42.2672264479798,29.5463357084944,0
42.4593561318001,29.284836198156,0
42.6498686015645,29.0220888046534,0
42.838755760937,28.7581035252176,0
43.0260095753542,28.492890409558,0
43.2116220723654,28.2264595594812,0
43.3955853419695,27.958821128507,0
43.5778915369506,27.689985321483,0
43.7585328732104,27.4199623941961,0
43.9375016300989,27.1487626529821,0
44.1147901507421,26.8763964543341,0
44.2903908423677,26.6028742045072,0
44.4642961766279,26.3282063591226,0
44.6364986899203,26.0524034227682,0
44.8069909837059,25.7754759485984,0
44.9757657248248,25.4974345379312,0
45.1428156458093,25.2182898398429,0
45.308133545195,24.9380525507616,0
45.4717122878284,24.6567334140581,0
45.6335448051727,24.3743432196349,0
45.793624095611,24.0908928035135,0
45.951943224747,23.8063930474191,0
46.1084953257023,23.5208548783643,0
46.2632735994125,23.2342892682297,0
46.4162713149194,22.9467072333436,0
46.5674818096617,22.658119834059,0
46.7168984897619,22.3685381743297,0
46.8645148303116,22.0779734012833,0
47.0103243756539,21.786436704793,0
47.1543207396627,21.4939393170478,0
47.2964976060196,21.2004925121205,0
47.4368487284883,20.9061076055339,0
47.5753679311863,20.6107959538249,0
47.7120491088532,20.3145689541079,0
47.8468862271175,20.0174380436355,0
47.9798733227595,19.7194146993572,0
48.1110045039723,19.4205104374774,0
48.2402739506194,19.1207368130111,0
48.3676759144899,18.8201054193378,0
48.4932047195512,18.5186278877541,0
48.6168547621983,18.2163158870239,0
48.7386205115003,17.9131811229285,0
48.8584965094452,17.609235337813,0
48.9764773711802,17.3044903101327,0
49.0925577852506,16.9989578539975,0
49.2067325138349,16.6926498187144,0
49.318996392978,16.3855780883286,0
49.4293443328203,16.0777545811632,0
49.5377713178253,15.7691912493575,0
49.644272407003,15.4599000784031,0
49.7488427341316,15.1498930866798,0
49.8514775079754,14.8391823249885,0
49.9521720125003,14.5277798760839,0
50.0509216070863,14.2156978542051,0
50.1477217267368,13.9029484046051,0
50.2425678822854,13.5895437030785,0
50.3354556605993,13.2754959554888,0
50.4263807247802,12.9608173972928,0
50.5153388143616,12.6455202930651,0
50.6023257455042,12.3296169360207,0
50.687337411187,12.0131196475362,0
50.7703697813963,11.6960407766696,0
50.8514189033117,11.3783926996796,0
50.9304809014884,11.0601878195428,0
51.0075519780374,10.7414385654701,0
51.0826284128017,10.4221573924218,0
51.1557065635307,10.1023567806214,0
51.2267828660501,9.78204923506875,0
51.2958538344298,9.46124728505123,0
51.3629160611488,9.13996348365443,0
51.4279662172562,8.81821040727158,0
51.4910010525296,8.49600065511179,0
51.5520173956308,8.17334684870715,0
51.6110121542579,7.85026163141898,0
51.6679823152944,7.52675766794307,0
51.7229249449552,7.20284764381371,0
51.7758371889298,6.8785442649067,0
51.8267162725217,6.55386025694157,0
51.8755595007859,6.22880836498307,0
51.9223642586616,5.90340135294092,0
51.9671280111034,5.57765200306944,0
52.0098483032081,5.25157311546607,0
52.0505227603393,4.92517750756885,0
52.0891490882483,4.59847801365301,0
52.1257250731918,4.271487484327,0
52.1602485820469,3.94421878602759,0
52.1927175624226,3.61668480051408,0
52.2231300427679,3.28889842436168,0
52.2514841324776,2.96087256845434,0
52.2777780219935,2.63262015747683,0
52.3020099829043,2.30415412940592,0
52.3241783680401,1.97548743500083,0
52.3442816115656,1.64663303729342,0
52.3623182290694,1.31760391107724,0
52.3782868176494,0.9884130423961,0
52.3921860559962,0.659073428032139,0
52.4040147044725,0.329598074993289,0
52.4137716051895,1.28376715255072e-14,0
