13.737903193961,17.428612261368,0
13.7379812432807,17.3939687375518,0
13.7382151906859,17.3593908546735,0
13.7386047353459,17.3248785506796,0
13.7391495764299,17.2904317635169,0
13.7398494131073,17.2560504311322,0
13.7407039445471,17.2217344914722,0
13.7417128699188,17.1874838824837,0
13.7428758883915,17.1532985421135,0
13.7441926991345,17.1191784083081,0
13.7456630013171,17.0851234190145,0
13.7472864941085,17.0511335121794,0
13.7490628766779,17.0172086257495,0
13.7509918481946,16.9833486976715,0
13.7530731078278,16.9495536658922,0
13.7553063547469,16.9158234683584,0
13.757691288121,16.8821580430168,0
13.7602276071195,16.8485573278141,0
13.7629150109115,16.8150212606972,0
13.7657531986663,16.7815497796127,0
13.7687418695531,16.7481428225073,0
13.7718807227413,16.714800327328,0
13.7751694574001,16.6815222320213,0
13.7786077726986,16.648308474534,0
13.7821953678063,16.615158992813,0
13.7859319418922,16.5820737248048,0
13.7898171941257,16.5490526084564,0
13.7938508236761,16.5160955817144,0
13.7980325297125,16.4832025825255,0
13.8023620114043,16.4503735488366,0
13.8068389679206,16.4176084185944,0
13.8114630984307,16.3849071297455,0
13.816234102104,16.3522696202369,0
13.8211516781095,16.3196958280152,0
13.8262155256167,16.2871856910271,0
13.8314253437947,16.2547391472194,0
13.8367808318127,16.2223561345389,0
13.8422816888402,16.1900365909324,0
13.8479276140462,16.1577804543464,0
13.8537183066,16.1255876627279,0
13.8596534656709,16.0934581540235,0
13.8657327904282,16.0613918661801,0
13.8719559800411,16.0293887371443,0
13.8783227336788,15.9974487048628,0
13.8848327505106,15.9655717072826,0
13.8914857297058,15.9337576823502,0
13.8982813704336,15.9020065680124,0
13.9052193718632,15.8703183022161,0
13.9122994331639,15.8386928229079,0
13.919521253505,15.8071300680346,0
13.9268845320557,15.7756299755429,0
13.9343889679853,15.7441924833795,0
13.9420342604629,15.7128175294914,0
13.949820108658,15.6815050518251,0
13.9577462117396,15.6502549883274,0
13.9658122688771,15.6190672769451,0
13.9740179792397,15.5879418556249,0
13.9823630419967,15.5568786623136,0
13.9908471563173,15.5258776349579,0
13.9994700213708,15.4949387115045,0
14.0082313363264,15.4640618299003,0
14.0171308003534,15.433246928092,0
14.026168112621,15.4024939440262,0
14.0353429722985,15.3718028156498,0
14.0446550785551,15.3411734809095,0
14.0541041305601,15.3106058777521,0
14.0636898274827,15.2800999441242,0
14.0734118684922,15.2496556179727,0
14.0832699527579,15.2192728372443,0
14.0932637794489,15.1889515398858,0
14.1033930477346,15.1586916638438,0
14.1136574567841,15.1284931470652,0
14.1240567057668,15.0983559274967,0
14.1345904938519,15.068279943085,0
14.1452585202086,15.0382651317769,0
14.1560604840063,15.0083114315191,0
14.166996084414,14.9784187802585,0
14.1780650206012,14.9485871159416,0
14.189266991737,14.9188163765153,0
14.2006016969908,14.8891064999263,0
14.2120688355316,14.8594574241215,0
14.2236681065289,14.8298690870474,0
14.2353992091518,14.8003414266509,0
14.2472618425697,14.7708743808787,0
14.2592557059517,14.7414678876776,0
14.2713804984671,14.7121218849943,0
14.2836359192852,14.6828363107755,0
14.2960216675752,14.6536111029681,0
14.3085374425063,14.6244461995187,0
14.3211829432479,14.5953415383741,0
14.3339578689691,14.5662970574811,0
14.3468619188393,14.5373126947864,0
14.3598947920276,14.5083883882367,0
14.3730561877034,14.4795240757788,0
14.3863458050358,14.4507196953595,0
14.3997633431941,14.4219751849254,0
14.4133085013477,14.3932904824234,0
14.4269809786656,14.3646655258002,0
14.4407804743172,14.3361002530025,0
14.4547066874718,14.3075946019771,0
14.4687593172986,14.2791485106708,0
14.4829380629667,14.2507619170302,0
14.4972426236456,14.2224347590021,0
14.5116726985044,14.1941669745333,0
14.5262279867124,14.1659585015706,0
14.5409081874388,14.1378092780606,0
14.555712999853,14.1097192419501,0
14.570642123124,14.0816883311859,0
14.5856952564213,14.0537164837147,0
14.600872098914,14.0258036374833,0
14.6161723497714,13.9979497304384,0
14.6315957081628,13.9701547005268,0
14.6471418732573,13.9424184856951,0
14.6628105442244,13.9147410238902,0
14.6786014202331,13.8871222530588,0
14.6945142004527,13.8595621111477,0
14.7105485840526,13.8320605361036,0
14.726704270202,13.8046174658732,0
14.74298095807,13.7772328384033,0
14.759378346826,13.7499065916407,0
14.7758961356392,13.722638663532,0
14.7925340236789,13.6954289920241,0
14.8092917101143,13.6682775150637,0
14.8261688941147,13.6411841705975,0
14.8431652748493,13.6141488965723,0
14.8602805514873,13.5871716309348,0
14.8775144231981,13.5602523116318,0
14.8948665891509,13.53339087661,0
14.9123367485149,13.5065872638162,0
14.9299246004593,13.4798414111972,0
14.9476298441535,13.4531532566996,0
14.9654521787667,13.4265227382702,0
14.983391303468,13.3999497938558,0
15.0014469174269,13.3734343614031,0
15.0196187198125,13.3469763788588,0
15.0379064097941,13.3205757841698,0
15.056309686541,13.2942325152827,0
15.0748282492223,13.2679465101444,0
15.0934617970074,13.2417177067015,0
15.1122100290654,13.2155460429008,0
15.1310726445657,13.189431456689,0
15.1500493426775,13.163373886013,0
15.16913982257,13.1373732688193,0
15.1883437834126,13.1114295430549,0
15.2076609243743,13.0855426466665,0
15.2270909446246,13.0597125176007,0
15.2466335433327,13.0339390938044,0
15.2662884196677,13.0082223132242,0
15.286055272799,12.982562113807,0
15.3059338018958,12.9569584334994,0
15.3259237061274,12.9314112102483,0
15.3460246846629,12.9059203820004,0
15.3662364366718,12.8804858867024,0
15.3865586613231,12.8551076623011,0
15.4069910577862,12.8297856467432,0
15.4275333252303,12.8045197779755,0
15.4481851628247,12.7793099939446,0
15.4689462697386,12.7541562325975,0
15.4898163451413,12.7290584318808,0
15.510795088202,12.7040165297412,0
15.53188219809,12.6790304641255,0
15.5530773739745,12.6541001729805,0
15.5743803150247,12.6292255942529,0
15.59579072041,12.6044066658895,0
15.6173082892996,12.579643325837,0
15.6389327208627,12.5549355120421,0
15.6606637142686,12.5302831624516,0
15.6825009686865,12.5056862150122,0
15.7044441832858,12.4811446076708,0
15.7264930572355,12.456658278374,0
15.748647289705,12.4322271650686,0
15.7709065798636,12.4078512057013,0
15.7932706268805,12.3835303382189,0
15.8157391299249,12.3592645005681,0
15.8383117881661,12.3350536306957,0
15.8609883007733,12.3108976665485,0
15.8837683669159,12.2867965460731,0
15.906651685763,12.2627502072164,0
15.9296379564839,12.238758587925,0
15.9527268782478,12.2148216261458,0
15.9759181502241,12.1909392598254,0
15.9992114715819,12.1671114269106,0
16.0226065414905,12.1433380653482,0
16.0461030591192,12.1196191130849,0
16.0697007236371,12.0959545080675,0
16.0933992342137,12.0723441882427,0
16.117198290018,12.0487880915573,0
16.1410975902194,12.0252861559579,0
16.1650968339872,12.0018383193914,0
16.1891957204905,11.9784445198045,0
16.2133939488986,11.955104695144,0
16.2376912183808,11.9318187833565,0
16.2620872281063,11.9085867223889,0
16.2865816772443,11.8854084501879,0
16.3111742649642,11.8622839047003,0
16.3358646904352,11.8392130238727,0
16.3606526528265,11.816195745652,0
16.3855378513074,11.7932320079848,0
16.4105199850471,11.770321748818,0
16.4355987532149,11.7474649060982,0
16.46077385498,11.7246614177723,0
16.4860449895117,11.701911221787,0
16.5114118559793,11.679214256089,0
16.5368741535519,11.6565704586251,0
16.5624315813989,11.633979767342,0
16.5880838386895,11.6114421201864,0
16.6138306245929,11.5889574551052,0
16.6396716382784,11.566525710045,0
16.6656065789152,11.5441468229527,0
16.6916351456727,11.5218207317749,0
16.71775703772,11.4995473744584,0
16.7439719542264,11.47732668895,0
16.7702795943611,11.4551586131964,0
16.7966796572935,11.4330430851443,0
16.8231718421927,11.4109800427406,0
16.849755848228,11.3889694239319,0
16.8764313745686,11.3670111666649,0
16.9031981203839,11.3451052088866,0
16.930055784843,11.3232514885435,0
16.9570040671153,11.3014499435825,0
16.9840426663699,11.2797005119502,0
17.0111712817761,11.2580031315935,0
17.0383896125032,11.2363577404591,0
17.0656973577204,11.2147642764937,0
17.093094216597,11.1932226776441,0
17.1205798883022,11.171732881857,0
17.1481540720052,11.1502948270792,0
17.1758164668754,11.1289084512574,0
17.203566772082,11.1075736923384,0
17.2314046867942,11.0862904882689,0
17.2593299101813,11.0650587769957,0
17.2873421414125,11.0438784964655,0
17.3154410796571,11.022749584625,0
17.3436264240843,11.0016719794211,0
17.3718978738634,10.9806456188004,0
17.4002551281636,10.9596704407098,0
17.4286978861542,10.9387463830959,0
17.4572258470045,10.9178733839055,0
17.4858387098837,10.8970513810853,0
17.5145361739609,10.8762803125822,0
17.5433179384056,10.8555601163428,0
17.572183702387,10.8348907303139,0
17.6011331650742,10.8142720924422,0
17.6301660256366,10.7937041406745,0
17.6592819832434,10.7731868129576,0
17.6884807370638,10.7527200472382,0
17.7177619862671,10.732303781463,0
17.7471254300226,10.7119379535788,0
17.7765707674995,10.6916225015323,0
17.806097697867,10.6713573632703,0
17.8357059202945,10.6511424767395,0
17.8653951339511,10.6309777798867,0
17.8951650380061,10.6108632106586,0
17.9250153316288,10.590798707002,0
17.9549457139884,10.5707842068636,0
17.9849558842542,10.5508196481902,0
18.0150455415954,10.5309049689285,0
18.0452143851812,10.5110401070253,0
18.075462114181,10.4912250004272,0
18.105788427764,10.4714595870812,0
18.1361930250993,10.4517438049338,0
18.1666756053564,10.4320775919319,0
18.1972358677043,10.4124608860222,0
18.2278735113125,10.3928936251514,0
18.2585882353501,10.3733757472664,0
18.2893797389863,10.3539071903138,0
18.3202477213905,10.3344878922404,0
18.3511918817319,10.3151177909929,0
18.3822119191797,10.2957968245182,0
18.4133075329032,10.2765249307628,0
18.4444784220716,10.2573020476737,0
18.4757242858543,10.2381281131975,0
18.5070448234203,10.219003065281,0
18.5384397339391,10.1999268418709,0
18.5699087165798,10.1808993809139,0
18.6014514705117,10.161920620357,0
18.6330676949041,10.1429904981466,0
18.6647570889261,10.1241089522298,0
18.6965193517471,10.105275920553,0
18.7283541825363,10.0864913410632,0
18.760261280463,10.0677551517071,0
18.7922403446963,10.0490672904314,0
18.8242910744056,10.0304276951828,0
18.8564131687602,10.0118363039082,0
18.8886063269291,9.99329305455422,0
18.9208702480818,9.97479788506764,0
18.9532046313875,9.95635073339522,0
18.9856091760154,9.9379515374837,0
19.0180835811347,9.91960023527984,0
19.0506275459148,9.90129676473038,0
19.0832407695248,9.88304106378205,0
19.115922951134,9.86483307038163,0
19.1486737899117,9.84667272247584,0
19.1814929850272,9.82855995801145,0
19.2143802356496,9.8104947149352,0
19.2473352409482,9.79247693119384,0
19.2803577000923,9.7745065447341,0
19.3134473122512,9.75658349350276,0
19.346603776594,9.73870771544654,0
19.3798267922901,9.7208791485122,0
19.4131160585086,9.70309773064648,0
19.4464712744189,9.68536339979615,0
19.4798921391901,9.66767609390793,0
19.5133783519916,9.65003575092859,0
19.5469296119926,9.63244230880486,0
19.5805456183623,9.6148957054835,0
19.6142260702701,9.59739587891125,0
19.647970666885,9.57994276703487,0
19.6817791073765,9.5625363078011,0
19.7156510909137,9.54517643915669,0
19.7495863166659,9.52786309904838,0
19.7835844838024,9.51059622542293,0
19.8176452914923,9.49337575622707,0
19.851768438905,9.47620162940758,0
19.8859536252098,9.45907378291117,0
19.9202005495757,9.44199215468462,0
19.9545089111722,9.42495668267465,0
19.9888784091684,9.40796730482804,0
20.0233087427337,9.3910239590915,0
20.0577996110372,9.37412658341182,0
20.0923507132482,9.35727511573571,0
20.126961748536,9.34046949400994,0
20.1616324160698,9.32370965618125,0
20.1963624150189,9.30699554019639,0
20.2311514445525,9.29032708400211,0
20.2659992038399,9.27370422554516,0
20.3009053920503,9.25712690277227,0
20.3358697083529,9.24059505363022,0
20.3708918519171,9.22410861606573,0
20.4059715219121,9.20766752802556,0
20.4411084175071,9.19127172745645,0
20.4763022378713,9.17492115230516,0
20.5115526821741,9.15861574051843,0
20.5468594495847,9.14235543004301,0
20.5822222392723,9.12614015882565,0
20.6176407504063,9.1099698648131,0
20.6531146821557,9.09384448595209,0
20.68864373369,9.07776396018939,0
20.7242276041782,9.06172822547174,0
20.7598659927898,9.04573721974589,0
20.7955585986939,9.02979088095858,0
20.8313051210598,9.01388914705657,0
20.8671052590568,8.99803195598659,0
20.902958711854,8.98221924569541,0
20.9388651786208,8.96645095412976,0
20.9748243585264,8.95072701923641,0
21.0108359507401,8.93504737896208,0
21.046899654431,8.91941197125353,0
21.0830151687686,8.90382073405751,0
21.1191821929219,8.88827360532078,0
21.1554004260603,8.87277052299006,0
21.191669567353,8.85731142501213,0
21.2279893159692,8.84189624933371,0
21.2643593710783,8.82652493390156,0
21.3007794318494,8.81119741666243,0
21.3372491974519,8.79591363556306,0
21.3737683670549,8.7806735285502,0
21.4103366398277,8.76547703357061,0
21.4469537149396,8.75032408857103,0
21.4836192915598,8.7352146314982,0
21.5203330688576,8.72014860029888,0
21.5570947460023,8.70512593291981,0
21.593904022163,8.69014656730775,0
21.630760596509,8.67521044140943,0
21.6676641682096,8.66031749317161,0
21.704614436434,8.64546766054103,0
21.7416111003516,8.63066088146445,0
21.7786538591314,8.61589709388861,0
21.8157424119429,8.60117623576025,0
21.8528764579552,8.58649824502614,0
21.8900556963375,8.57186305963301,0
21.9272798262592,8.55727061752761,0
21.9645485468895,8.54272085665669,0
22.0018615573977,8.528213714967,0
22.0392185569529,8.51374913040529,0
22.0766192447245,8.4993270409183,0
22.1140633198817,8.48494738445278,0
22.1515504815937,8.47061009895549,0
22.1890804290299,8.45631512237316,0
22.2266528613594,8.44206239265255,0
22.2642674777514,8.42785184774041,0
22.3019239773754,8.41368342558348,0
22.3396220594005,8.3995570641285,0
22.3773614229959,8.38547270132224,0
22.4151417673309,8.37143027511143,0
22.4529627915748,8.35742972344283,0
22.4908241948968,8.34347098426318,0
22.5287256764661,8.32955399551923,0
22.5666669354521,8.31567869515773,0
22.6046476710239,8.30184502112543,0
22.6426675823509,8.28805291136907,0
22.6807263686022,8.2743023038354,0
22.7188237289472,8.26059313647117,0
22.756959362555,8.24692534722313,0
22.795132968595,8.23329887403802,0
22.8333442462363,8.21971365486261,0
22.8715928946482,8.20616962764362,0
22.9098786130001,8.19266673032781,0
22.948201100461,8.17920490086193,0
22.9865600562004,8.16578407719273,0
23.0249551793874,8.15240419726695,0
23.0633861691912,8.13906519903134,0
23.1018527247813,8.12576702043265,0
23.1403545453266,8.11250959941763,0
23.1788913299967,8.09929287393303,0
23.2174627779606,8.08611678192559,0
23.2560685883877,8.07298126134207,0
23.2947084604471,8.0598862501292,0
23.3333820933082,8.04683168623374,0
23.3720891861402,8.03381750760243,0
23.4108294381124,8.02084365218203,0
23.4496025483939,8.00791005791928,0
23.4884082161541,7.99501666276094,0
23.5272461405623,7.98216340465373,0
23.5661160207875,7.96935022154443,0
23.6050175559992,7.95657705137977,0
23.6439504453665,7.9438438321065,0
23.6829143880588,7.93115050167137,0
23.7219090832452,7.91849699802113,0
23.760934230095,7.90588325910251,0
23.7999895277774,7.89330922286229,0
23.8390746754618,7.8807748272472,0
23.8781893723174,7.86828001020399,0
23.9173333175134,7.8558247096794,0
23.956506210219,7.84340886362019,0
23.9957077496036,7.8310324099731,0
24.0349376348363,7.81869528668489,0
24.0741955650865,7.80639743170229,0
24.1134812395233,7.79413878297207,0
24.1527943573161,7.78191927844095,0
24.192134617634,7.7697388560557,0
24.2315017196464,7.75759745376306,0
24.2708953625225,7.74549500950978,0
24.3103152454314,7.73343146124261,0
24.3497610675426,7.72140674690829,0
24.3892325280252,7.70942080445358,0
24.4287293260486,7.69747357182521,0
24.4682511607818,7.68556498696995,0
24.5077977313942,7.67369498783453,0
24.5473687370551,7.66186351236571,0
24.5869638769337,7.65007049851023,0
24.6265828501992,7.63831588421484,0
24.6662253560209,7.6265996074263,0
24.705891093568,7.61492160609133,0
24.7455797620099,7.60328181815671,0
24.7852910605157,7.59168018156916,0
24.8250246882547,7.58011663427545,0
24.8647803443962,7.56859111422231,0
24.9045577281094,7.5571035593565,0
24.9443565385635,7.54565390762477,0
24.9841764749278,7.53424209697386,0
25.0240172363716,7.52286806535052,0
25.0638785220642,7.5115317507015,0
25.1037600311746,7.50023309097354,0
25.1436614628723,7.4889720241134,0
25.1835825163265,7.47774848806782,0
25.2235228907064,7.46656242078356,0
25.2634822851812,7.45541376020735,0
25.3034603989203,7.44430244428595,0
25.3434569310928,7.4332284109661,0
25.3834715808681,7.42219159819455,0
25.4235040474153,7.41119194391806,0
25.4635540299038,7.40022938608336,0
25.5036212275027,7.38930386263721,0
25.5437053393814,7.37841531152636,0
25.583806064709,7.36756367069754,0
25.6239231026549,7.35674887809752,0
25.6640561523883,7.34597087167303,0
25.7042049130784,7.33522958937084,0
25.7443690838945,7.32452496913767,0
25.7845483640059,7.31385694892029,0
25.8247424525817,7.30322546666544,0
25.8649510487912,7.29263046031987,0
25.9051738518038,7.28207186783032,0
25.9454105607886,7.27154962714355,0
25.9856608749149,7.26106367620629,0
26.025924493352,7.25061395296532,0
26.066201115269,7.24020039536735,0
26.1064904398353,7.22982294135915,0
26.1467921662201,7.21948152888747,0
26.1871059935927,7.20917609589905,0
26.2274316211222,7.19890658034064,0
26.2677687479781,7.18867292015898,0
26.3081170733294,7.17847505330084,0
26.3484762963455,7.16831291771294,0
26.3888461161956,7.15818645134205,0
26.429226232049,7.14809559213491,0
26.4696163430748,7.13804027803826,0
26.5100161484425,7.12802044699886,0
26.5504253473211,7.11803603696346,0
26.5908436388801,7.1080869858788,0
26.6312707222885,7.09817323169162,0
26.6717062967158,7.08829471234869,0
26.712150061331,7.07845136579674,0
26.7526017153035,7.06864312998252,0
26.7930609578026,7.05886994285278,0
26.8335274879974,7.04913174235428,0
26.8740010050573,7.03942846643375,0
26.9144812081514,7.02976005303795,0
26.9549677964491,7.02012644011362,0
26.9954604691195,7.01052756560751,0
27.035958925332,7.00096336746637,0
27.0764628642558,6.99143378363695,0
27.1169719850601,6.98193875206599,0
27.1574859869142,6.97247821070025,0
27.1980045689874,6.96305209748647,0
27.2385274304488,6.9536603503714,0
27.2790542704678,6.94430290730178,0
27.3195847882136,6.93497970622437,0
27.3601186828554,6.92569068508592,0
27.4006556535626,6.91643578183316,0
27.4411953995042,6.90721493441285,0
27.4817376198497,6.89802808077175,0
27.5222820137683,6.88887515885658,0
27.5628282804291,6.87975610661411,0
27.6033761190015,6.87067086199108,0
27.6439252286547,6.86161936293424,0
27.684475308558,6.85260154739033,0
27.7250260578806,6.84361735330612,0
27.7655771757917,6.83466671862833,0
27.8061283614607,6.82574958130372,0
27.8466793140567,6.81686587927905,0
27.887229732749,6.80801555050105,0
27.9277793167069,6.79919853291647,0
27.9683277650996,6.79041476447207,0
28.0088747770964,6.78166418311459,0
28.0494200518666,6.77294672679078,0
28.0899632885793,6.76426233344738,0
28.1305041864038,6.75561094103115,0
28.1710424445094,6.74699248748883,0
28.2115777620653,6.73840691076717,0
28.2521098382408,6.72985414881293,0
28.2926383722052,6.72133413957283,0
28.3331630631276,6.71284682099364,0
28.3736836101774,6.70439213102211,0
28.4141997125237,6.69597000760497,0
28.4547110693359,6.68758038868899,0
28.4952173797832,6.6792232122209,0
28.5357183430348,6.67089841614745,0
28.57621365826,6.6626059384154,0
28.6167030246281,6.65434571697148,0
28.6571861413082,6.64611768976246,0
28.6976627074697,6.63792179473507,0
28.7381324222818,6.62975796983607,0
28.7785949849138,6.62162615301219,0
28.8190500945348,6.6135262822102,0
28.8594974503142,6.60545829537684,0
28.8999367514212,6.59742213045885,0
28.9403676970251,6.58941772540299,0
28.980789986295,6.581445018156,0
29.0212033184004,6.57350394666463,0
29.0616073925103,6.56559444887563,0
29.1020019077941,6.55771646273574,0
29.142386563421,6.54986992619172,0
29.1827610585603,6.54205477719031,0
29.2231250923812,6.53427095367826,0
29.263478364053,6.52651839360231,0
29.3038205727449,6.51879703490923,0
29.3441514176261,6.51110681554574,0
29.384470597866,6.50344767345861,0
29.4247778126338,6.49581954659458,0
29.4650727610987,6.4882223729004,0
29.5053551424299,6.48065609032281,0
29.5456246557968,6.47312063680856,0
29.5858810003686,6.46561595030441,0
29.6261238753145,6.4581419687571,0
29.6663529798038,6.45069863011337,0
29.7065680130057,6.44328587231999,0
29.7467686740895,6.43590363332368,0
29.7869546622244,6.42855185107121,0
29.8271256765798,6.42123046350931,0
29.8672814163247,6.41393940858475,0
29.9074215806286,6.40667862424425,0
29.9475458686606,6.39944804843459,0
29.98765397959,6.39224761910249,0
30.0277456125861,6.38507727419471,0
30.067820466818,6.377936951658,0
30.1078782414551,6.37082658943911,0
30.1479186356666,6.36374612548478,0
30.1879413486218,6.35669549774176,0
30.2279460794898,6.3496746441568,0
30.26793252744,6.34268350267665,0
30.3079003916417,6.33572201124805,0
30.3478493712639,6.32879010781776,0
30.3877791654761,6.32188773033251,0
30.4276894734475,6.31501481673907,0
30.4675799943473,6.30817130498417,0
30.5074504273447,6.30135713301457,0
30.547300471609,6.29457223877701,0
30.5871298263095,6.28781656021825,0
30.6269381906155,6.28109003528502,0
30.6667252636961,6.27439260192408,0
30.7064907447206,6.26772419808217,0
30.7462343328583,6.26108476170605,0
30.7859557272784,6.25447423074245,0
30.8256546271503,6.24789254313814,0
30.865330731643,6.24133963683985,0
30.9049837399259,6.23481544979434,0
30.9446133511683,6.22831991994835,0
30.9842192645393,6.22185298524863,0
31.0238011792082,6.21541458364194,0
31.0633587943444,6.209004653075,0
31.102891809117,6.20262313149458,0
31.1423999226952,6.19626995684743,0
31.1818828342485,6.18994506708029,0
31.2213402429459,6.1836484001399,0
31.2607718479567,6.17737989397302,0
31.3001773484503,6.1711394865264,0
31.3395564435958,6.16492711574678,0
31.3789088325625,6.1587427195809,0
31.4182342145196,6.15258623597553,0
31.4575322886364,6.14645760287741,0
31.4968027540822,6.14035675823327,0
31.5360453100262,6.13428363998988,0
31.5752596556377,6.12823818609399,0
31.6144454900858,6.12222033449232,0
31.65360251254,6.11623002313165,0
31.6927304221693,6.11026718995871,0
31.7318289181431,6.10433177292025,0
31.7708976996306,6.09842370996303,0
31.809936465801,6.09254293903378,0
31.8489449158237,6.08668939807925,0
31.8879227488679,6.08086302504621,0
31.9268696641027,6.07506375788138,0
31.9657853606976,6.06929153453152,0
32.0046695378217,6.06354629294339,0
32.0435218946442,6.05782797106371,0
32.0823421303345,6.05213650683926,0
32.1211299440617,6.04647183821676,0
32.1598850349952,6.04083390314297,0
32.1986071023041,6.03522263956465,0
32.2372958451578,6.02963798542852,0
32.2759509627254,6.02407987868136,0
32.3145721541763,6.01854825726989,0
32.3531591186797,6.01304305914088,0
32.3917115554048,6.00756422224106,0
32.4302291635209,6.00211168451719,0
32.4687116421973,5.99668538391601,0
32.5071586906031,5.99128525838427,0
32.5455700079077,5.98591124586872,0
32.5839452932803,5.98056328431611,0
32.6222842458901,5.97524131167319,0
32.6605865649064,5.9699452658867,0
32.6988519494985,5.96467508490339,0
32.7370800988355,5.95943070667002,0
32.7752707120869,5.95421206913331,0
32.8134234884217,5.94901911024004,0
32.8515381270092,5.94385176793694,0
32.8896143270188,5.93870998017076,0
32.9276517876197,5.93359368488825,0
32.965650207981,5.92850282003615,0
33.0036092872721,5.92343732356122,0
33.0415287246623,5.91839713341021,0
33.0794082193207,5.91338218752986,0
33.1172474704166,5.90839242386691,0
33.1550461771192,5.90342778036813,0
33.1928040385979,5.89848819498025,0
33.2305207540219,5.89357360565002,0
33.2681960225604,5.88868395032419,0
33.3058295433826,5.88381916694952,0
33.3434210156579,5.87897919347274,0
33.3809701385555,5.8741639678406,0
33.4184766112446,5.86937342799986,0
33.4559401328944,5.86460751189726,0
33.4933604026743,5.85986615747955,0
33.5307371197535,5.85514930269347,0
33.5680699833012,5.85045688548579,0
33.6053586924867,5.84578884380323,0
33.6426029464792,5.84114511559256,0
33.6798024444481,5.83652563880051,0
33.7169568855624,5.83193035137384,0
33.7540659689916,5.8273591912593,0
33.7911293939048,5.82281209640362,0
33.8281468594713,5.81828900475357,0
33.8651180648603,5.81378985425589,0
33.9020427092411,5.80931458285733,0
33.938920491783,5.80486312850463,0
33.9757511116552,5.80043542914454,0
34.0125342680269,5.79603142272381,0
34.0492696600674,5.7916510471892,0
34.085956986946,5.78729424048743,0
34.1225959478319,5.78296094056528,0
34.1591862418944,5.77865108536948,0
34.1957275683026,5.77436461284677,0
34.232219626226,5.77010146094392,0
34.2686621148336,5.76586156760766,0
34.3050547332948,5.76164487078475,0
34.3413971807788,5.75745130842192,0
34.3776891564549,5.75328081846594,0
34.4139303594923,5.74913333886355,0
34.4501204890603,5.7450088075615,0
34.4862592443281,5.74090716250653,0
34.5223463244649,5.73682834164539,0
34.5583814286401,5.73277228292483,0
34.5943642560229,5.7287389242916,0
34.6302945057825,5.72472820369244,0
34.6661718770881,5.72074005907412,0
34.7019960691091,5.71677442838336,0
34.7377667810147,5.71283124956692,0
34.7734837119741,5.70891046057155,0
34.8091465611566,5.705011999344,0
34.8447550277315,5.70113580383101,0
34.8803088108679,5.69728181197933,0
34.9158076097352,5.69344996173572,0
34.9512511235025,5.68964019104691,0
34.9866390513392,5.68585243785966,0
35.0219710924145,5.68208664012071,0
35.0572469458976,5.67834273577681,0
35.0924663109579,5.67462066277472,0
35.1276288867644,5.67092035906117,0
35.1627343724866,5.66724176258292,0
35.1977824672937,5.66358481128671,0
35.2327728703548,5.65994944311929,0
35.2677052808393,5.65633559602742,0
35.3025793979164,5.65274320795783,0
35.3373949207553,5.64917221685727,0
35.3721515485254,5.6456225606725,0
35.4068489803958,5.64209417735027,0
35.4414869155358,5.63858700483731,0
35.4760650531147,5.63510098108038,0
35.5105830923018,5.63163604402622,0
35.5450407322661,5.62819213162159,0
35.5794376721771,5.62476918181323,0
35.613773611204,5.62136713254789,0
35.648048248516,5.61798592177232,0
35.6822612832823,5.61462548743326,0
35.7164124146723,5.61128576747747,0
35.7505013418552,5.60796669985169,0
35.7845277640002,5.60466822250266,0
35.8184913802765,5.60139027337715,0
35.8523918898535,5.59813279042189,0
35.8862289919004,5.59489571158363,0
35.9200023855864,5.59167897480913,0
35.9537117700808,5.58848251804512,0
35.9873568445528,5.58530627923836,0
36.0209373081717,5.5821501963356,0
36.0544528601068,5.57901420728358,0
36.0879031995272,5.57589825002905,0
36.1212880256023,5.57280226251876,0
36.1546070375013,5.56972618269946,0
36.1878599343934,5.56666994851789,0
36.2210464154479,5.5636334979208,0
36.2541661798341,5.56061676885495,0
36.2872189267212,5.55761969926708,0
36.3202043552784,5.55464222710393,0
36.353122164675,5.55168429031226,0
36.3859720540803,5.54874582683881,0
36.4187537226635,5.54582677463033,0
36.4514668695938,5.54292707163357,0
36.4841111940405,5.54004665579528,0
36.516686395173,5.5371854650622,0
36.5491921721603,5.53434343738108,0
36.5816282241718,5.53152051069868,0
36.6139942503766,5.52871662296173,0
36.6462899499442,5.525931712117,0
36.6785150220437,5.52316571611121,0
36.7106691658443,5.52041857289113,0
36.7427520805154,5.5176902204035,0
36.7747634652261,5.51498059659507,0
36.8067030191458,5.51228963941258,0
36.8385704414436,5.50961728680279,0
36.8703654312889,5.50696347671244,0
36.9020876878508,5.50432814708829,0
36.9337369102987,5.50171123587707,0
36.9653127978018,5.49911268102554,0
36.9968150495293,5.49653242048044,0
37.0282433646504,5.49397039218852,0
37.0595974423345,5.49142653409654,0
37.0908769817508,5.48890078415123,0
37.1220816820685,5.48639308029935,0
37.153211242457,5.48390336048764,0
37.1842653620853,5.48143156266286,0
37.2152437401229,5.47897762477175,0
37.2461460757389,5.47654148476105,0
37.2769720681026,5.47412308057752,0
37.3077214163832,5.47172235016791,0
37.3383938197501,5.46933923147895,0
37.3689889773724,5.46697366245741,0
37.3995065884194,5.46462558105003,0
37.4299463520603,5.46229492520355,0
37.4603079674645,5.45998163286472,0
37.4905911338011,5.4576856419803,0
37.5207955502394,5.45540689049703,0
37.5509209159487,5.45314531636166,0
37.5809669300981,5.45090085752093,0
37.6109332918571,5.44867345192159,0
37.6408197003948,5.4464630375104,0
37.6706258548804,5.4442695522341,0
37.7003514544832,5.44209293403943,0
37.7299961983726,5.43993312087315,0
37.7595597857176,5.43779005068201,0
37.7890419156876,5.43566366141274,0
37.8184422874518,5.43355389101211,0
37.8477606001795,5.43146067742686,0
37.87699655304,5.42938395860373,0
37.9061498452024,5.42732367248947,0
37.935220175836,5.42527975703084,0
37.9642072441101,5.42325215017457,0
37.993110749194,5.42124078986742,0
38.0219303902568,5.41924561405614,0
38.0506658664679,5.41726656068747,0
38.0793168769964,5.41530356770816,0
38.1078831210117,5.41335657306497,0
38.136364297683,5.41142551470463,0
38.1647601061795,5.40951033057389,0
38.1930702456706,5.40761095861951,0
38.2212944153253,5.40572733678823,0
38.2494323143131,5.4038594030268,0
38.2774836418031,5.40200709528197,0
38.3054480969646,5.40017035150048,0
38.3333253789668,5.39834910962909,0
38.3611151869791,5.39654330761453,0
38.3888172201706,5.39475288340357,0
38.4164311777106,5.39297777494294,0
38.4439567587684,5.3912179201794,0
38.4713936625132,5.38947325705969,0
38.4987415881142,5.38774372353057,0
38.5260002347407,5.38602925753877,0
38.553169301562,5.38432979703105,0
38.5802484877474,5.38264527995415,0
38.6072374924659,5.38097564425483,0
38.6341360148871,5.37932082787983,0
38.6609437541799,5.37768076877589,0
38.6876604095138,5.37605540488978,0
38.714285680058,5.37444467416822,0
38.7408192649817,5.37284851455799,0
38.7672608634541,5.37126686400581,0
38.7936101746446,5.36969966045844,0
38.8198668977224,5.36814684186263,0
38.8460307318567,5.36660834616512,0
38.8721013762167,5.36508411131267,0
38.8980785299718,5.36357407525201,0
38.9239618922912,5.36207817592991,0
38.9497511623441,5.3605963512931,0
38.9754460392998,5.35912853928834,0
39.0010462223276,5.35767467786237,0
39.0265514105966,5.35623470496194,0
39.0519613032762,5.35480855853379,0
39.0772755995356,5.35339617652469,0
39.102493998544,5.35199749688137,0
39.1276161994707,5.35061245755058,0
39.1526419014849,5.34924099647907,0
39.177570803756,5.34788305161359,0
39.2024026054531,5.34653856090089,0
39.2271370057455,5.34520746228771,0
39.2517737038024,5.34388969372081,0
39.2763123987932,5.34258519314692,0
39.300752789887,5.3412938985128,0
39.3250945762531,5.3400157477652,0
39.3493374570608,5.33875067885086,0
39.3734811314793,5.33749862971654,0
39.3975252986779,5.33625953830898,0
39.4214696578257,5.33503334257492,0
39.4453139080922,5.33381998046112,0
39.4690577486464,5.33261938991432,0
39.4927008786577,5.33143150888128,0
39.5162429972954,5.33025627530873,0
39.5396838037286,5.32909362714344,0
39.5630229971266,5.32794350233214,0
39.5862602766587,5.32680583882158,0
39.6093953414941,5.32568057455852,0
39.6324278908021,5.3245676474897,0
39.6553576237519,5.32346699556186,0
39.6781842395129,5.32237855672176,0
39.7009074372541,5.32130226891614,0
39.7235269161449,5.32023807009176,0
39.7460423753546,5.31918589819536,0
39.7684535140523,5.31814569117368,0
39.7907600314074,5.31711738697348,0
39.8129616265891,5.3161009235415,0
39.8350579987666,5.31509623882449,0
39.8570488471092,5.31410327076921,0
39.8789338707861,5.31312195732239,0
39.9007127689667,5.31215223643079,0
39.9223852408201,5.31119404604115,0
39.9439509855155,5.31024732410022,0
39.9654097022224,5.30931200855475,0
39.9867610901098,5.30838803735149,0
40.0080048483471,5.30747534843719,0
40.0291406761035,5.30657387975859,0
40.0501682725483,5.30568356926244,0
40.0710873368506,5.30480435489549,0
40.0918975681798,5.30393617460448,0
40.1125986657051,5.30307896633618,0
40.1331903285958,5.30223266803731,0
40.1536722560211,5.30139721765464,0
40.1740441471503,5.30057255313491,0
40.1943057011526,5.29975861242486,0
40.2144566171972,5.29895533347125,0
40.2344965944535,5.29816265422082,0
40.2544253320906,5.29738051262032,0
40.2742425292778,5.29660884661651,0
40.2939478851845,5.29584759415611,0
40.3135410989797,5.2950966931859,0
40.3330218698329,5.29435608165261,0
40.3523898969131,5.29362569750298,0
40.3716448793898,5.29290547868378,0
40.390786516432,5.29219536314175,0
40.4098145072092,5.29149528882363,0
40.4287285508905,5.29080519367617,0
40.4475283466451,5.29012501564612,0
40.4662135936424,5.28945469268024,0
40.4847839910516,5.28879416272526,0
40.503239238042,5.28814336372793,0
40.5215790337827,5.28750223363501,0
40.5398030774431,5.28687071039323,0
40.5579110681923,5.28624873194936,0
40.5759027051997,5.28563623625013,0
40.5937776876345,5.2850331612423,0
40.611535714666,5.28443944487261,0
40.6291764854634,5.28385502508781,0
40.6466996991959,5.28327983983465,0
40.6641050550328,5.28271382705988,0
40.6813922521433,5.28215692471024,0
40.6985609896968,5.28160907073248,0
40.7156109668624,5.28107020307336,0
40.7325418828095,5.28054025967961,0
40.7493534367072,5.28001917849799,0
40.7660453277248,5.27950689747524,0
40.7826172550316,5.27900335455812,0
40.7990689177968,5.27850848769337,0
40.8154000151896,5.27802223482773,0
40.8316102463794,5.27754453390796,0
40.8476993105354,5.27707532288081,0
40.8636669068267,5.27661453969302,0
40.8795127344228,5.27616212229133,0
40.8952364924927,5.27571800862251,0
40.9108378802059,5.27528213663329,0
40.9263165967315,5.27485444427043,0
40.9416723412387,5.27443486948067,0
40.9569048128969,5.27402335021076,0
40.9720137108753,5.27361982440744,0
40.9869987343431,5.27322423001748,0
41.0018595824695,5.27283650498761,0
41.016595954424,5.27245658726457,0
41.0312075493756,5.27208441479513,0
41.0456940664936,5.27171992552603,0
41.0600552049473,5.27136305740401,0
41.074290663906,5.27101374837583,0
41.0884001425389,5.27067193638823,0
41.1023833400152,5.27033755938796,0
41.1162399555042,5.27001055532177,0
41.1299696881752,5.2696908621364,0
41.1435722371974,5.2693784177786,0
41.15704730174,5.26907316019513,0
41.1703945809723,5.26877502733273,0
41.1836137740636,5.26848395713815,0
41.196704580183,5.26819988755813,0
41.2096666985,5.26792275653942,0
41.2224998281836,5.26765250202878,0
41.2352036684032,5.26738906197294,0
41.2477779183281,5.26713237431867,0
41.2602222771273,5.2668823770127,0
41.2725364439703,5.26663900800178,0
41.2847201180263,5.26640220523266,0
41.2967729984645,5.2661719066521,0
41.3086947844541,5.26594805020683,0
41.3204851751645,5.26573057384361,0
41.3321438697649,5.26551941550918,0
41.3436705674244,5.26531451315029,0
41.3550649673125,5.26511580471369,0
41.3663267685982,5.26492322814613,0
41.377455670451,5.26473672139435,0
41.38845137204,5.26455622240511,0
41.3993135725344,5.26438166912515,0
41.4100419711036,5.26421299950121,0
41.4206362669168,5.26405015148006,0
41.4310961591432,5.26389306300843,0
41.4414213469521,5.26374167203307,0
41.4516115295128,5.26359591650073,0
41.4616664059944,5.26345573435817,0
41.4715856755663,5.26332106355212,0
41.4813690373977,5.26319184202933,0
41.4910161906578,5.26306800773656,0
41.5005268345159,5.26294949862055,0
41.5099006681412,5.26283625262804,0
41.5191373907031,5.2627282077058,0
41.5282367013707,5.26262530180056,0
41.5371982993133,5.26252747285907,0
41.5460218837002,5.26243465882809,0
41.5547071537006,5.26234679765435,0
41.5632538084837,5.26226382728461,0
41.5716615472188,5.26218568566561,0
41.5799300690752,5.26211231074411,0
41.5880590732222,5.26204364046684,0
41.5960482588288,5.26197961278057,0
41.6038973250645,5.26192016563203,0
41.6116059710985,5.26186523696798,0
41.6191738960999,5.26181476473516,0
41.6266007992382,5.26176868688032,0
41.6338863796824,5.26172694135021,0
41.641030336602,5.26168946609157,0
41.648032369166,5.26165619905117,0
41.6548921765439,5.26162707817573,0
41.6616094579047,5.26160204141201,0
41.6681839124179,5.26158102670676,0
41.6746152392525,5.26156397200673,0
41.680903137578,5.26155081525866,0
41.6870473065635,5.26154149440931,0
41.6930474453782,5.26153594740541,0
41.6989032531915,5.26153411219372,0
