6.35002965606615,17.4119679238402,0
6.34827120439632,17.3606616228858,0
6.34711804203642,17.2926912170822,0
6.34654158837656,17.2247171606756,0
6.34654273707804,17.1567449304015,0
6.34712219828678,17.0887800412032,0
6.34828049716214,17.0208280422137,0
6.35001797267146,16.9528945126853,0
6.35233477665373,16.8849850578711,0
6.35523087315491,16.8171053048703,0
6.35870603803617,16.7492608984472,0
6.36275985885663,16.6814574968213,0
6.36739173502943,16.6137007674533,0
6.37260087825039,16.5459963828259,0
6.37838631319767,16.4783500162267,0
6.38474687849903,16.4107673375477,0
6.39168122796299,16.3432540091069,0
6.39918783206999,16.2758156814974,0
6.40726497971749,16.2084579894766,0
6.4159107802128,16.1411865479039,0
6.42512316550773,16.0740069477277,0
6.43489989266647,16.0069247520371,0
6.44523854655889,15.9399454921811,0
6.45613654277098,15.8730746639613,0
6.46759113072209,15.8063177239082,0
6.47959939697932,15.7396800856475,0
6.49215826876051,15.6731671163515,0
6.50526451761225,15.606784133298,0
6.51891476325354,15.5405364005308,0
6.53310547757449,15.4744291256256,0
6.5478329887773,15.4084674565689,0
6.56309348564778,15.3426564787566,0
6.57888302194647,15.2770012121089,0
6.59519752090736,15.2115066083074,0
6.61203277983186,15.1461775481577,0
6.62938447476624,15.0810188390796,0
6.64724816525158,15.0160352127245,0
6.66561929913401,14.9512313227214,0
6.68449321742366,14.8866117425566,0
6.70386515919205,14.8221809635801,0
6.723730266496,14.7579433931466,0
6.74408358931767,14.6939033528861,0
6.76492009051208,14.6300650771013,0
6.78623465074831,14.5664327113014,0
6.80802207344011,14.5030103108545,0
6.83027708965178,14.4398018397749,0
6.85299436297293,14.3768111696315,0
6.87616849435524,14.3140420785768,0
6.89979402689979,14.2514982504998,0
6.92386545059089,14.1891832742943,0
6.94837720696675,14.1271006432452,0
6.97332369372306,14.065253754524,0
6.99869926924125,14.0036459087965,0
7.02449825703737,13.9422803099353,0
7.05071495012623,13.8811600648349,0
7.07734361529513,13.8202881833283,0
7.10437849728353,13.7596675782011,0
7.13181382286671,13.6993010652935,0
7.15964380483713,13.6391913636965,0
7.18786264588197,13.5793410960327,0
7.2164645423556,13.5197527888174,0
7.24544368794131,13.4604288729028,0
7.27479427720607,13.4013716839903,0
7.30451050904109,13.3425834632206,0
7.33458658999088,13.2840663578286,0
7.36501673746753,13.225822421866,0
7.39579518285473,13.1678536169776,0
7.42691617449437,13.1101618132421,0
7.45837398056105,13.0527487900642,0
7.49016289182264,12.9956162371182,0
7.52227722428919,12.9387657553373,0
7.55471132174979,12.8821988579477,0
7.58745955819745,12.8259169715465,0
7.62051634014654,12.7699214372136,0
7.6538761088383,12.7142135116663,0
7.68753334234782,12.6587943684314,0
7.72148255757646,12.6036650990658,0
7.75571831214837,12.5488267143901,0
7.79023520620281,12.4942801457535,0
7.82502788408916,12.4400262463175,0
7.86009103596532,12.3860657923588,0
7.89541939929831,12.3323994845959,0
7.93100776027824,12.27902794952,0
7.9668509551373,12.2259517407486,0
8.00294387138437,12.1731713403843,0
8.03928144895308,12.1206871603852,0
8.07585868126679,12.0684995439428,0
8.11267061622495,12.0166087668632,0
8.14971235711038,11.9650150389542,0
8.18697906342204,11.9137185054129,0
8.22446595163321,11.8627192482171,0
8.26216829588138,11.8120172875126,0
8.30008142858901,11.7616125829999,0
8.33820074101919,11.7115050353175,0
8.37652168376656,11.6616944874222,0
8.41503976718896,11.6121807259617,0
8.4537505617792,11.5629634826424,0
8.4926496984817,11.5140424355878,0
8.5317328689559,11.4654172106869,0
8.57099582578249,11.4170873829408,0
8.61043438262587,11.3690524777904,0
8.65004441434665,11.3213119724365,0
8.68982185706765,11.2738652971488,0
8.72976270819719,11.2267118365621,0
8.76986302640975,11.1798509309598,0
8.81011893158878,11.1332818775421,0
8.85052660472852,11.0870039316836,0
8.89108228780195,11.0410163081737,0
8.93178228359393,10.995318182442,0
8.97262295550144,10.9499086917697,0
9.01360072730102,10.9047869364861,0
9.05471208288945,10.8599519811468,0
9.09595356599505,10.8154028556964,0
9.13732177986177,10.7711385566162,0
9.17881338690988,10.7271580480529,0
9.22042510837154,10.6834602629321,0
9.26215372390509,10.6400441040534,0
9.30399607118712,10.5969084451695,0
9.34594904548647,10.5540521320462,0
9.38800959921725,10.5114739835073,0
9.43017474147745,10.4691727924591,0
9.472441537569,10.4271473268988,0
9.51480710850232,10.3853963309067,0
9.55726863048906,10.3439185256169,0
9.59982333441977,10.3027126101736,0
9.64246850532949,10.2617772626684,0
9.68520148185251,10.2211111410601,0
9.72801965566734,10.1807128840758,0
9.77092047092961,10.1405811120976,0
9.81390142369982,10.100714428027,0
9.85696006136043,10.0611114181359,0
9.90009398202589,10.0217706528988,0
9.94330083394787,9.98269068780693,0
9.98657831491286,9.94387006416675,0
10.0299241716356,9.90530730988003,0
10.0733361991479,9.86700094020759,0
10.1168122401831,9.82894945851643,0
10.1603501845568,9.79115135701079,0
10.2039479685465,9.75360511744424,0
10.2476035742674,9.71630921181847,0
10.2913150290467,9.67926210306368,0
10.3350804047965,9.64246224570481,0
10.3788978173861,9.60590808651047,0
10.4227654260153,9.56959806512524,0
10.4666814325842,9.53353061469011,0
10.5106440810662,9.4977041624442,0
10.5546516568823,9.46211713031164,0
10.598702486274,9.42676793547517,0
10.642794935679,9.39165499093455,0
10.6869274111084,9.35677670604949,0
10.7310983575282,9.32213148706756,0
10.7753062582392,9.28771773764064,0
10.8195496342618,9.2535338593255,0
10.863827043725,9.2195782520699,0
10.9081370812558,9.18584931468695,0
10.9524783773738,9.1523454453153,0
10.9968495978893,9.11906504186573,0
11.0412494433046,9.0860065024554,0
11.0856766482194,9.05316822582933,0
11.1301299807421,9.02054861176836,0
11.1746082419021,8.988146061487,0
11.2191102650701,8.95595897801657,0
11.2636349153814,8.92398576657797,0
11.308181089163,8.89222483494331,0
11.3527477133706,8.86067459378244,0
11.3973337450235,8.82933345700362,0
11.4419381706491,8.79819984207991,0
11.4865600057338,8.76727217036351,0
11.5311982941766,8.73654886739201,0
11.5758521077474,8.70602836318442,0
11.6205205455552,8.67570909252377,0
11.66520273352,8.64558949523129,0
11.7098978238462,8.61566801643364,0
11.7546049945088,8.58594310681542,0
11.799323448743,8.55641322286425,0
11.8440524145361,8.52707682710879,0
11.8887911441273,8.49793238834665,0
11.9335389135209,8.46897838185772,0
11.9782950219925,8.44021328961853,0
12.0230587916106,8.41163560050133,0
12.0678295667623,8.3832438104659,0
12.1126067136822,8.35503642274595,0
12.1573896199909,8.32701194802454,0
12.2021776942397,8.29916890460183,0
12.2469703654583,8.27150581855768,0
12.2917670827106,8.24402122390513,0
12.336567314657,8.2167136627366,0
12.3813705491226,8.18958168536302,0
12.4261762926724,8.16262385044577,0
12.4709840701883,8.13583872512453,0
12.5157934244582,8.10922488513434,0
12.5606039157689,8.08278091491843,0
12.6054151215013,8.05650540773675,0
12.6502266357394,8.03039696576325,0
12.6950380688774,8.00445420018309,0
12.7398490472376,7.97867573128008,0
12.7846592126938,7.95306018851925,0
12.8294682222982,7.92760621062566,0
12.8742757479168,7.90231244565585,0
12.9190814758697,7.87717755106481,0
12.9638851065757,7.85220019376897,0
13.0086863542071,7.8273790502015,0
13.0534849463446,7.80271280636614,0
13.0982806236411,7.77820015788477,0
13.1430731394918,7.75383981003978,0
13.187862259707,7.72963047781399,0
13.2326477621938,7.7055708859241,0
13.2774294366414,7.68165976885161,0
13.322207084211,7.65789587086959,0
13.366980517232,7.63427794606578,0
13.4117495589069,7.61080475835939,0
13.4565140430141,7.58747508151881,0
13.5012738136233,7.5642876991715,0
13.5460287248123,7.54124140481284,0
13.5907786403891,7.51833500181117,0
13.6355234336185,7.49556730341029,0
13.680262986957,7.47293713272687,0
13.7249971917907,7.45044332274609,0
13.7697259481749,7.42808471631611,0
13.8144491645839,7.40586016613667,0
13.8591667576636,7.38376853474632,0
13.9038786519862,7.36180869450822,0
13.9485847798138,7.33997952759154,0
13.9932850808637,7.31827992595152,0
14.0379795020792,7.29670879130693,0
14.0826679974052,7.27526503511537,0
14.1273505275675,7.25394757854621,0
14.1720270598575,7.23275535245158,0
14.2166975679187,7.21168729733608,0
14.2613620315417,7.19074236332279,0
14.3060204364602,7.16991951011891,0
14.350672774151,7.14921770697962,0
14.3953190416394,7.12863593266987,0
14.4399592413086,7.10817317542418,0
14.4845933807136,7.08782843290474,0
14.5292214723955,7.0676007121601,0
14.5738435337045,7.04748902957937,0
14.6184595866236,7.02749241084718,0
14.6630696575957,7.00760989089736,0
14.7076737773579,6.98784051386321,0
14.7522719807751,6.96818333302941,0
14.7968643066792,6.9486374107812,0
14.8414507977123,6.92920181855278,0
14.886031500172,6.90987563677484,0
14.9306064638611,6.89065795482083,0
14.9751757419404,6.87154787095277,0
15.0197393907841,6.852544492266,0
15.06429746984,6.83364693463266,0
15.1088500414901,6.81485432264569,0
15.1533971709174,6.79616578956072,0
15.1979389259744,6.77758047723758,0
15.2424753770542,6.75909753608188,0
15.2870065969647,6.74071612498578,0
15.3315326608059,6.72243541126769,0
15.3760536458513,6.70425457061143,0
15.4205696314299,6.68617278700593,0
15.4650806988117,6.66818925268368,0
15.5095869310961,6.65030316805903,0
15.554088413105,6.63251374166531,0
15.5985852312744,6.61482019009324,0
15.643077473551,6.59722173792801,0
15.6875652292915,6.57971761768611,0
15.7320485891636,6.56230706975212,0
15.7765276450511,6.54498934231471,0
15.8210024899572,6.52776369130416,0
15.8654732179144,6.51062938032802,0
15.9099399238963,6.49358568060661,0
15.954402703729,6.47663187090994,0
15.9988616540061,6.45976723749331,0
16.0433168720069,6.44299107403315,0
16.0877684556162,6.42630268156266,0
16.1322165032447,6.40970136840797,0
16.1766611137518,6.39318645012473,0
16.2211023863734,6.37675724943256,0
16.2655404206485,6.36041309615177,0
16.3099753163474,6.34415332713988,0
16.3544071734048,6.32797728622699,0
16.3988360918512,6.31188432415274,0
16.443262171749,6.29587379850243,0
16.4876855131292,6.27994507364331,0
16.5321062159293,6.2640975206617,0
16.5765243799338,6.24833051729983,0
16.6209401047151,6.23264344789316,0
16.6653534895788,6.21703570330701,0
16.7097646335074,6.20150668087458,0
16.7541736351063,6.18605578433509,0
16.7985805925535,6.170682423771,0
16.8429856035485,6.15538601554662,0
16.8873887652629,6.14016598224702,0
16.9317901742928,6.12502175261652,0
16.9761899266157,6.10995276149705,0
17.0205881175403,6.09495844976946,0
17.0649848416682,6.08003826429131,0
17.1093801928498,6.06519165783775,0
17.1537742641428,6.05041808904223,0
17.198167147774,6.03571702233651,0
17.2425589351012,6.02108792789176,0
17.2869497165751,6.00653028156043,0
17.3313395817035,5.99204356481774,0
17.3757286190178,5.97762726470355,0
17.4201169160389,5.9632808737647,0
17.4645045592435,5.94900388999872,0
17.5088916340338,5.93479581679627,0
17.553278224708,5.92065616288455,0
17.5976644144293,5.90658444227193,0
17.6420502851986,5.89258017419179,0
17.6864359178266,5.87864288304775,0
17.7308213919078,5.86477209835847,0
17.7752067857958,5.85096735470292,0
17.819592176577,5.83722819166718,0
17.8639776400487,5.82355415379009,0
17.9083632506955,5.80994479051029,0
17.9527490816677,5.79639965611337,0
17.9971352047604,5.78291830967945,0
18.041521690393,5.76950031503113,0
18.0859086075898,5.75614524068222,0
18.1302960239613,5.74285265978622,0
18.1746840056873,5.72962215008561,0
18.2190726174984,5.71645329386181,0
18.2634619226601,5.70334567788512,0
18.3078519829569,5.69029889336541,0
18.3522428586784,5.67731253590261,0
18.3966346086034,5.66438620543866,0
18.4410272899872,5.651519506209,0
18.4854209585486,5.63871204669474,0
18.5298156684558,5.62596343957588,0
18.5742114723176,5.61327330168335,0
18.6186084211702,5.60064125395327,0
18.6630065644657,5.58806692138099,0
18.7074059500646,5.57554993297475,0
18.7518066242243,5.56308992171092,0
18.7962086315908,5.55068652448907,0
18.8406120151906,5.53833938208739,0
18.8850168164212,5.52604813911931,0
18.9294230750459,5.51381244398903,0
18.9738308291855,5.50163194884882,0
19.0182401153115,5.48950630955653,0
19.0626509682408,5.4774351856329,0
19.10706342113,5.46541824021962,0
19.15147750547,5.45345514003798,0
19.1958932510817,5.44154555534764,0
19.2403106861107,5.42968915990617,0
19.2847298370246,5.41788563092836,0
19.329150728609,5.40613464904653,0
19.3735733839634,5.39443589827128,0
19.4179978245001,5.38278906595183,0
19.4624240699413,5.37119384273756,0
19.5068521383156,5.35964992254008,0
19.5512820459582,5.34815700249464,0
19.5957138075085,5.33671478292292,0
19.6401474359092,5.32532296729597,0
19.6845829424053,5.31398126219731,0
19.7290203365441,5.30268937728648,0
19.7734596261755,5.29144702526287,0
19.81790081745,5.28025392183073,0
19.8623439148215,5.2691097856632,0
19.9067889210474,5.25801433836751,0
19.9512358371885,5.24696730445086,0
19.9956846626105,5.23596841128603,0
20.040135394987,5.22501738907723,0
20.0845880302988,5.21411397082727,0
20.1290425628378,5.20325789230397,0
20.1734989852081,5.19244889200767,0
20.2179572883281,5.18168671113884,0
20.2624174614342,5.17097109356596,0
20.3068794920826,5.16030178579378,0
20.3513433661525,5.14967853693221,0
20.3958090678494,5.13910109866504,0
20.4402765797089,5.12856922521935,0
20.484745882599,5.11808267333527,0
20.5292169557249,5.10764120223589,0
20.5736897766324,5.09724457359766,0
20.6181643212121,5.08689255152083,0
20.6626405637037,5.0765849025007,0
20.7071184766999,5.06632139539874,0
20.7515980311518,5.05610180141412,0
20.7960791963719,5.04592589405599,0
20.840561940041,5.03579344911525,0
20.8850462282111,5.02570424463751,0
20.929532025312,5.01565806089553,0
20.974019294156,5.00565468036272,0
21.018507995942,4.99569388768651,0
21.0629980902631,4.98577546966184,0
21.1074895351102,4.97589921520567,0
21.1519822868782,4.96606491533095,0
21.1964763003726,4.95627236312119,0
21.2409715288139,4.94652135370578,0
21.2854679238443,4.93681168423485,0
21.3299654355336,4.92714315385483,0
21.3744640123851,4.91751556368422,0
21.4189636013424,4.90792871678949,0
21.4634641477948,4.89838241816163,0
21.5079655955838,4.88887647469259,0
21.5524678870098,4.87941069515207,0
21.5969709628388,4.86998489016463,0
21.6414747623082,4.86059887218713,0
21.6859792231342,4.85125245548625,0
21.7304842815173,4.8419454561166,0
21.7749898721503,4.83267769189851,0
21.8194959282247,4.82344898239661,0
21.8640023814368,4.81425914889854,0
21.9085091619956,4.80510801439359,0
21.953016198629,4.79599540355204,0
21.997523418591,4.78692114270446,0
22.042030747669,4.77788505982115,0
22.0865381101901,4.76888698449231,0
22.1310454290287,4.75992674790787,0
22.1755526256141,4.7510041828377,0
22.2200596199366,4.74211912361239,0
22.2645663305554,4.73327140610387,0
22.3090726746053,4.7244608677064,0
22.3535785678045,4.71568734731783,0
22.3980839244614,4.70695068532093,0
22.4425886574822,4.69825072356504,0
22.4870926783782,4.68958730534789,0
22.5315958972726,4.68096027539785,0
22.5760982229083,4.67236947985603,0
22.6205995626556,4.66381476625858,0
22.6650998225182,4.65529598351994,0
22.7095989071423,4.64681298191505,0
22.7540967198232,4.63836561306285,0
22.798593162512,4.62995372990948,0
22.8430881358239,4.62157718671183,0
22.8875815390459,4.61323583902086,0
22.9320732701432,4.60492954366594,0
22.9765632257669,4.59665815873863,0
23.0210513012618,4.588421543577,0
23.0655373906737,4.58021955874997,0
23.1100213867568,4.57205206604199,0
23.1545031809805,4.56391892843788,0
23.198982663538,4.55582001010767,0
23.2434597233522,4.5477551763919,0
23.2879342480846,4.53972429378681,0
23.3324061241418,4.5317272299298,0
23.3768752366828,4.52376385358537,0
23.4213414696267,4.51583403463059,0
23.4658047056604,4.50793764404133,0
23.5102648262449,4.50007455387841,0
23.5547217116235,4.49224463727385,0
23.5991752408292,4.48444776841737,0
23.6436252916911,4.47668382254318,0
23.6880717408425,4.4689526759166,0
23.732514463728,4.46125420582117,0
23.7769533346107,4.45358829054562,0
23.8213882265793,4.44595480937135,0
23.8658190115556,4.43835364255965,0
23.9102455603015,4.4307846713394,0
23.954667742426,4.42324777789477,0
23.9990854263931,4.41574284535304,0
24.0434984795277,4.40826975777264,0
24.0879067680243,4.40082840013132,0
24.1323101569528,4.39341865831434,0
24.176708510266,4.38604041910316,0
24.2211016908068,4.37869357016361,0
24.2654895603152,4.371378000035,0
24.309871979435,4.36409359811868,0
24.3542488077213,4.35684025466714,0
24.3986199036471,4.34961786077304,0
24.4429851246101,4.34242630835852,0
24.4873443269399,4.33526549016455,0
24.5316973659049,4.32813529974031,0
24.5760440957189,4.32103563143293,0
24.6203843695481,4.31396638037723,0
24.6647180395177,4.30692744248541,0
24.7090449567193,4.29991871443722,0
24.7533649712166,4.29294009366992,0
24.7976779320531,4.28599147836865,0
24.8419836872581,4.27907276745656,0
24.8862820838537,4.27218386058548,0
24.9305729678614,4.26532465812627,0
24.9748561843085,4.25849506115963,0
25.019131577235,4.25169497146682,0
25.0633989896998,4.24492429152066,0
25.1076582637874,4.23818292447634,0
25.1519092406144,4.2314707741627,0
25.1961517603355,4.22478774507343,0
25.2403856621506,4.21813374235826,0
25.284610784311,4.21150867181456,0
25.3288269641253,4.20491243987871,0
25.373034037966,4.19834495361786,0
25.4172318412763,4.19180612072154,0
25.461420208575,4.18529584949366,0
25.5055989734644,4.17881404884414,0
25.5497679686354,4.17236062828126,0
25.5939270258738,4.16593549790358,0
25.6380759760668,4.15953856839214,0
25.6822146492088,4.15316975100288,0
25.7263428744071,4.14682895755901,0
25.770460479889,4.14051610044332,0
25.8145672930069,4.13423109259104,0
25.8586631402444,4.12797384748225,0
25.9027478472223,4.12174427913481,0
25.9468212387048,4.11554230209709,0
25.9908831386052,4.10936783144091,0
26.034933369991,4.10322078275461,0
26.0789717550907,4.09710107213613,0
26.1229981152996,4.09100861618601,0
26.1670122711847,4.08494333200095,0
26.2110140424907,4.07890513716692,0
26.2550032481464,4.07289394975259,0
26.298979706269,4.06690968830297,0
26.3429432341711,4.06095227183282,0
26.3868936483653,4.05502161982036,0
26.43083076457,4.04911765220108,0
26.4747543977151,4.04324028936136,0
26.5186643619473,4.03738945213252,0
26.5625604706357,4.03156506178458,0
26.6064425363767,4.02576704002056,0
26.6503103710001,4.01999530897029,0
26.694163785574,4.01424979118465,0
26.73800259041,4.00853040962996,0
26.7818265950691,4.002837087682,0
26.825635608366,3.99716974912067,0
26.8694294383753,3.99152831812418,0
26.9132078924358,3.98591271926371,0
26.9569707771562,3.98032287749797,0
27.0007178984202,3.97475871816769,0
27.0444490613915,3.96922016699046,0
27.0881640705184,3.96370715005549,0
27.1318627295395,3.9582195938183,0
27.1755448414884,3.95275742509582,0
27.2192102086987,3.94732057106103,0
27.2628586328087,3.94190895923833,0
27.3064899147666,3.93652251749829,0
27.3501038548353,3.931161174053,0
27.393700252597,3.92582485745108,0
27.4372789069583,3.92051349657299,0
27.4808396161548,3.91522702062646,0
27.5243821777557,3.90996535914161,0
27.5679063886689,3.90472844196648,0
27.6114120451455,3.89951619926253,0
27.654898942784,3.89432856150009,0
27.6983668765359,3.88916545945387,0
27.741815640709,3.88402682419887,0
27.7852450289732,3.87891258710564,0
27.8286548343643,3.8738226798364,0
27.8720448492885,3.8687570343405,0
27.9154148655272,3.86371558285045,0
27.9587646742412,3.85869825787784,0
28.0020940659751,3.853704992209,0
28.0454028306621,3.84873571890127,0
28.0886907576273,3.8437903712789,0
28.1319576355932,3.83886888292911,0
28.1752032526835,3.83397118769824,0
28.2184273964272,3.82909721968785,0
28.2616298537629,3.82424691325107,0
28.3048104110432,3.8194202029888,0
28.3479688540385,3.81461702374588,0
28.3911049679419,3.8098373106077,0
28.4342185373726,3.80508099889625,0
28.4773093463798,3.80034802416696,0
28.5203771784475,3.79563832220479,0
28.5634218164984,3.79095182902093,0
28.6064430428973,3.78628848084951,0
28.6494406394556,3.78164821414383,0
28.6924143874353,3.77703096557331,0
28.7353640675523,3.77243667202012,0
28.7782894599814,3.76786527057578,0
28.821190344359,3.763316698538,0
28.8640664997874,3.7587908934075,0
28.9069177048393,3.75428779288476,0
28.9497437375603,3.74980733486709,0
28.9925443754735,3.74534945744531,0
29.0353193955832,3.74091409890076,0
29.0780685743784,3.7365011977024,0
29.1207916878366,3.73211069250379,0
29.1634885114274,3.72774252214,0
29.2061588201161,3.72339662562485,0
29.2488023883672,3.71907294214813,0
29.2914189901486,3.71477141107249,0
29.3340083989345,3.71049197193082,0
29.3765703877088,3.7062345644235,0
29.4191047289694,3.70199912841549,0
29.461611194731,3.69778560393386,0
29.5040895565291,3.6935939311649,0
29.5465395854225,3.68942405045166,0
29.588961051998,3.68527590229122,0
29.6313537263729,3.68114942733214,0
29.6737173781984,3.67704456637188,0
29.7160517766635,3.67296126035437,0
29.7583566904974,3.6688994503676,0
29.8006318879741,3.66485907764078,0
29.8428771369143,3.66084008354234,0
29.8850922046895,3.6568424095774,0
29.927276858225,3.6528659973852,0
29.969430864003,3.64891078873711,0
30.0115539880659,3.64497672553399,0
30.0536459960196,3.64106374980408,0
30.0957066530361,3.63717180370076,0
30.1377357238573,3.6333008295002,0
30.1797329727977,3.62945076959919,0
30.2216981637474,3.62562156651307,0
30.2636310601753,3.62181316287345,0
30.3055314251322,3.6180255014261,0
30.3473990212536,3.61425852502888,0
30.3892336107631,3.61051217664976,0
30.4310349554744,3.60678639936451,0
30.4728028167954,3.60308113635495,0
30.5145369557306,3.59939633090674,0
30.556237132884,3.59573192640756,0
30.5979031084616,3.59208786634496,0
30.639534642275,3.58846409430474,0
30.6811314937439,3.58486055396862,0
30.7226934218988,3.58127718911274,0
30.7642201853837,3.57771394360562,0
30.8057115424594,3.57417076140627,0
30.8471672510057,3.57064758656243,0
30.8885870685247,3.56714436320884,0
30.9299707521426,3.56366103556536,0
30.9713180586134,3.56019754793528,0
31.0126287443213,3.55675384470347,0
31.0539025652829,3.55332987033486,0
31.0951392771502,3.54992556937264,0
31.1363386352132,3.54654088643647,0
31.1775003944029,3.54317576622098,0
31.2186243092928,3.53983015349425,0
31.2597101341027,3.53650399309579,0
31.3007576227005,3.53319722993538,0
31.3417665286049,3.52990980899129,0
31.3827366049881,3.52664167530858,0
31.4236676046778,3.52339277399796,0
31.4645592801603,3.52016305023394,0
31.5054113835829,3.51695244925333,0
31.5462236667557,3.51376091635387,0
31.5869958811547,3.51058839689292,0
31.6277277779237,3.5074348362856,0
31.6684191078775,3.5043001800037,0
31.7090696215031,3.50118437357399,0
31.7496790689631,3.49808736257727,0
31.7902472000974,3.49500909264645,0
31.830773764426,3.49194950946561,0
31.871258511151,3.48890855876818,0
31.9117011891589,3.48588618633629,0
31.9521015470229,3.48288233799869,0
31.9924593330052,3.47989695963007,0
32.0327742950594,3.47692999714941,0
32.0730461808324,3.4739813965189,0
32.1132747376671,3.47105110374243,0
32.153459712604,3.46813906486465,0
32.1936008523837,3.46524522596967,0
32.233697903449,3.4623695331796,0
32.2737506119474,3.45951193265376,0
32.3137587237328,3.45667237058701,0
32.3537219843674,3.45385079320911,0
32.3936401391247,3.45104714678317,0
32.4335129329909,3.44826137760454,0
32.473340110667,3.445493432,0
32.513121416571,3.4427432563263,0
32.5528565948403,3.4400107969691,0
32.5925453893329,3.43729600034211,0
32.6321875436304,3.43459881288578,0
32.6717828010392,3.43191918106622,0
32.711330904593,3.42925705137447,0
32.7508315970545,3.42661237032502,0
32.7902846209177,3.42398508445512,0
32.8296897184095,3.42137514032352,0
32.8690466314914,3.41878248450979,0
32.9083551018624,3.41620706361293,0
32.9476148709602,3.41364882425065,0
32.9868256799631,3.41110771305825,0
33.0259872697918,3.40858367668794,0
33.0650993811118,3.40607666180757,0
33.104161754335,3.40358661509982,0
33.1431741296215,3.40111348326129,0
33.182136246881,3.39865721300161,0
33.2210478457756,3.39621775104247,0
33.259908665721,3.39379504411679,0
33.2987184458883,3.39138903896771,0
33.3374769252058,3.38899968234797,0
33.3761838423611,3.38662692101875,0
33.4148389358025,3.3842707017491,0
33.4534419437409,3.38193097131477,0
33.4919926041516,3.37960767649777,0
33.5304906547759,3.37730076408524,0
33.5689358331229,3.37501018086876,0
33.6073278764714,3.37273587364334,0
33.6456665218712,3.37047778920723,0
33.683951506145,3.36823587436035,0
33.7221825658905,3.36601007590397,0
33.7603594374808,3.36380034063997,0
33.7984818570677,3.36160661536969,0
33.8365495605823,3.35942884689374,0
33.8745622837368,3.35726698201084,0
33.9125197620263,3.3551209675172,0
33.9504217307304,3.35299075020583,0
33.9882679249146,3.3508762768658,0
34.0260580794321,3.34877749428154,0
34.0637919289255,3.34669434923207,0
34.101469207828,3.34462678849048,0
34.1390896503651,3.342574758823,0
34.1766529905566,3.34053820698859,0
34.2141589622174,3.33851707973802,0
34.2516072989596,3.33651132381337,0
34.2889977341939,3.33452088594742,0
34.326330001131,3.33254571286266,0
34.3636038327832,3.33058575127114,0
34.4008189619659,3.32864094787355,0
34.4379751212991,3.32671124935854,0
34.4750720432089,3.32479660240228,0
34.5121094599288,3.32289695366764,0
34.5490871035016,3.32101224980402,0
34.5860047057805,3.31914243744604,0
34.6228619984304,3.31728746321362,0
34.6596587129299,3.31544727371104,0
34.6963945805723,3.31362181552641,0
34.733069332467,3.31181103523113,0
34.7696826995414,3.3100148793795,0
34.8062344125419,3.30823329450764,0
34.8427242020351,3.30646622713357,0
34.87915179841,3.30471362375632,0
34.9155169318784,3.3029754308552,0
34.9518193324771,3.30125159488974,0
34.9880587300688,3.2995420622989,0
35.0242348543439,3.29784677950035,0
35.0603474348212,3.29616569289038,0
35.09639620085,3.29449874884302,0
35.1323808816108,3.29284589370979,0
35.1683012061172,3.29120707381898,0
35.2041569032169,3.28958223547522,0
35.2399477015931,3.28797132495912,0
35.275673329766,3.28637428852649,0
35.3113335160937,3.28479107240838,0
35.3469279887741,3.28322162280983,0
35.3824564758456,3.28166588591005,0
35.4179187051889,3.28012380786188,0
35.4533144045281,3.27859533479087,0
35.488643301432,3.27708041279529,0
35.5239051233152,3.27557898794548,0
35.5590995974397,3.27409100628343,0
35.5942264509161,3.27261641382233,0
35.6292854107049,3.27115515654604,0
35.6642762036174,3.2697071804089,0
35.6991985563174,3.26827243133507,0
35.7340521953224,3.26685085521815,0
35.7688368470046,3.26544239792077,0
35.8035522375927,3.26404700527413,0
35.8381980931722,3.26266462307776,0
35.8727741396876,3.26129519709895,0
35.9072801029431,3.25993867307223,0
35.9417157086041,3.25859499669931,0
35.9760806821984,3.25726411364821,0
36.0103747491171,3.25594596955346,0
36.0445976346164,3.25464051001512,0
36.078749063818,3.25334768059858,0
36.1128287617114,3.25206742683458,0
36.1468364531544,3.25079969421805,0
36.1807718628742,3.24954442820862,0
36.214634715469,3.24830157422934,0
36.2484247354095,3.24707107766707,0
36.2821416470391,3.24585288387177,0
36.315785174576,3.24464693815595,0
36.3493550421141,3.24345318579484,0
36.3828509736244,3.24227157202535,0
36.4162726929557,3.24110204204634,0
36.4496199238363,3.23994454101797,0
36.4828923898751,3.2387990140612,0
36.5160898145627,3.23766540625779,0
36.5492119212726,3.23654366264981,0
36.5822584332626,3.23543372823914,0
36.6152290736755,3.23433554798747,0
36.648123565541,3.23324906681547,0
36.6809416317765,3.23217422960309,0
36.7136829951883,3.23111098118852,0
36.7463473784727,3.2300592663685,0
36.7789345042175,3.22901902989782,0
36.8114440949034,3.22799021648859,0
36.8438758729043,3.22697277081025,0
36.8762295604893,3.22596663748953,0
36.908504879824,3.22497176110974,0
36.940701552971,3.22398808621041,0
36.9728193018919,3.22301555728712,0
37.0048578484478,3.22205411879144,0
37.036816914401,3.22110371513017,0
37.0686962214162,3.22016429066528,0
37.1004954910617,3.21923578971354,0
37.1322144448102,3.21831815654654,0
37.1638528040407,3.21741133538973,0
37.1954102900394,3.21651527042268,0
37.226886624001,3.21562990577857,0
37.2582815270299,3.21475518554403,0
37.2895947201414,3.21389105375874,0
37.3208259242632,3.21303745441508,0
37.3519748602366,3.2121943314579,0
37.3830412488175,3.21136162878439,0
37.4140248106781,3.21053929024371,0
37.4449252664077,3.2097272596363,0
37.4757423365147,3.20892548071454,0
37.5064757414271,3.20813389718152,0
37.5371252014944,3.20735245269111,0
37.5676904369886,3.20658109084819,0
37.5981711681059,3.20581975520726,0
37.6285671149675,3.20506838927331,0
37.6588779976216,3.20432693650098,0
37.689103536044,3.20359534029411,0
37.7192434501401,3.20287354400624,0
37.7492974597463,3.20216149093933,0
37.7792652846308,3.2014591243444,0
37.8091466444956,3.20076638742073,0
37.8389412589777,3.20008322331565,0
37.8686488476506,3.19940957512478,0
37.8982691300255,3.19874538589087,0
37.9278018255532,3.19809059860446,0
37.9572466536253,3.19744515620307,0
37.9866033335756,3.19680900157096,0
38.0158715846822,3.19618207753949,0
38.0450511261681,3.19556432688577,0
38.0741416772034,3.19495569233354,0
38.1031429569071,3.19435611655221,0
38.132054684348,3.19376554215678,0
38.1608765785465,3.19318391170784,0
38.1896083584767,3.19261116771093,0
38.2182497430678,3.19204725261665,0
38.2468004512052,3.1914921088201,0
38.2752602017332,3.19094567866105,0
38.3036287134559,3.19040790442313,0
38.3319057051398,3.18987872833421,0
38.3600908955144,3.18935809256561,0
38.3881840032752,3.18884593923249,0
38.4161847470848,3.18834221039297,0
38.444092845575,3.18784684804803,0
38.4719080173487,3.18735979414166,0
38.4996299809818,3.18688099056047,0
38.5272584550252,3.18641037913337,0
38.5547931580068,3.18594790163093,0
38.5822338084334,3.18549349976609,0
38.609580124793,3.18504711519317,0
38.6368318255566,3.18460868950786,0
38.6639886291807,3.18417816424712,0
38.6910502541094,3.18375548088908,0
38.7180164187762,3.18334058085184,0
38.744886841607,3.18293340549498,0
38.771661241022,3.18253389611765,0
38.7983393354379,3.18214199395946,0
38.8249208432706,3.18175764019967,0
38.8514054829379,3.18138077595724,0
38.8777929728615,3.18101134229064,0
38.90408303147,3.18064928019731,0
38.9302753772011,3.18029453061382,0
38.9563697285048,3.17994703441567,0
38.9823658038459,3.17960673241655,0
39.0082633217069,3.17927356536913,0
39.0340620005908,3.17894747396331,0
39.0597615590239,3.17862839882798,0
39.0853617155594,3.17831628052902,0
39.11086218878,3.17801105957009,0
39.1362626973012,3.17771267639222,0
39.1615629597748,3.17742107137357,0
39.1867626948917,3.17713618482944,0
39.2118616213861,3.17685795701123,0
39.2368594580384,3.17658632810762,0
39.261755923679,3.17632123824348,0
39.2865507371922,3.17606262747949,0
39.3112436175199,3.17581043581263,0
39.3358342836652,3.17556460317565,0
39.3603224546972,3.17532506943688,0
39.3847078497542,3.17509177440014,0
39.408990188049,3.17486465780436,0
39.4331691888723,3.17464365932373,0
39.4572445715976,3.174428718567,0
39.4812160556863,3.17421977507825,0
39.5050833606916,3.17401676833558,0
39.5288462062644,3.17381963775173,0
39.5525043121575,3.17362832267366,0
39.5760573982313,3.17344276238244,0
39.5995051844591,3.17326289609326,0
39.622847390933,3.17308866295444,0
39.6460837378689,3.17292000204865,0
39.6692139456128,3.17275685239159,0
39.6922377346472,3.1725991529328,0
39.7151548255971,3.17244684255465,0
39.7379649392366,3.17229986007248,0
39.7606677964955,3.17215814423514,0
39.7832631184662,3.17202163372373,0
39.8057506264114,3.17189026715249,0
39.828130041771,3.17176398306831,0
39.8504010861699,3.17164271995043,0
39.8725634814261,3.17152641621034,0
39.8946169495592,3.17141501019245,0
39.9165612127977,3.17130844017289,0
39.9383959935896,3.17120664436044,0
39.9601210146103,3.17110956089553,0
39.9817359987723,3.17101712785119,0
40.0032406692354,3.17092928323212,0
40.0246347494165,3.17084596497495,0
40.0459179630003,3.17076711094857,0
40.0670900339502,3.17069265895369,0
40.0881506865199,3.17062254672335,0
40.1090996452645,3.17055671192133,0
40.1299366350539,3.17049509214507,0
40.1506613810845,3.17043762492242,0
40.1712736088927,3.17038424771446,0
40.1917730443691,3.17033489791374,0
40.2121594137721,3.17028951284487,0
40.2324324437434,3.17024802976563,0
40.2525918613229,3.1702103858647,0
40.2726373939651,3.17017651826426,0
40.2925687695557,3.17014636401919,0
40.3123857164293,3.17011986011682,0
40.3320879633873,3.17009694347754,0
40.3516752397168,3.1700775509546,0
40.3711472752107,3.17006161933512,0
40.3905038001879,3.17004908533975,0
40.4097445455147,3.17003988562286,0
40.4288692426278,3.17003395677411,0
40.4478776235568,3.17003123531564,0
40.4667694209495,3.17003165770695,0
40.4855443680968,3.17003516034124,0
40.5042021989593,3.17004167954796,0
40.5227426481957,3.17005115159337,0
40.5411654511915,3.17006351267983,0
40.5594703440894,3.17007869894723,0
40.5776570638216,3.17009664647393,0
40.5957253481429,3.17011729127638,0
40.6136749356653,3.17014056931061,0
40.6315055658957,3.17016641647221,0
40.6492169792729,3.17019476859862,0
40.666808917209,3.17022556146797,0
40.684281122131,3.17025873080151,0
40.7016333375251,3.17029421226511,0
40.7188653079838,3.17033194146783,0
40.735976779254,3.17037185396567,0
40.7529674982888,3.17041388526189,0
40.769837213301,3.17045797080779,0
40.7865856738205,3.1705040460046,0
40.8032126307536,3.17055204620579,0
40.8197178364456,3.17060190671741,0
40.8361010447473,3.17065356280012,0
40.8523620110847,3.17070694967203,0
40.8685004925326,3.17076200250905,0
40.8845162478914,3.17081865644926,0
40.9004090377695,3.17087684659325,0
40.9161786246697,3.17093650800683,0
40.9318247730798,3.17099757572551,0
40.947347249569,3.17105998475428,0
40.9627458228903,3.17112367007424,0
40.9780202640873,3.17118856664178,0
40.9931703466089,3.17125460939623,0
41.0081958464301,3.17132173326055,0
41.0230965421789,3.17138987314587,0
41.0378722152729,3.17145896395771,0
41.0525226500627,3.17152894059794,0
41.067047633985,3.1715997379712,0
41.0814469577241,3.1716712909895,0
41.0957204153846,3.17174353457974,0
41.1098678046744,3.1718164036873,0
41.1238889271001,3.17188983328284,0
41.1377835881745,3.1719637583726,0
41.1515515976373,3.17203811400135,0
41.1651927696916,3.17211283526434,0
41.1787069232554,3.17218785731372,0
41.1920938822298,3.17226311536993,0
41.2053534757871,3.17233854473097,0
41.218485538677,3.17241408078218,0
41.2314899115552,3.1724896590104,0
41.244366441336,3.17256521501677,0
41.2571149815686,3.17264068452903,0
41.2697353928419,3.17271600341933,0
41.2822275432192,3.17279110771535,0
41.2945913087046,3.1728659336253,0
41.3068265737445,3.17294041755181,0
41.3189332317686,3.17301449611519,0
41.3309111857718,3.17308810617521,0
41.3427603489414,3.17316118485709,0
41.354480645335,3.17323366957753,0
41.366072010613,3.17330549807302,0
41.3775343928304,3.17337660843539,0
41.3888677532936,3.1734469391449,0
41.4000720674906,3.17351642910643,0
41.4111473260994,3.1735850176961,0
41.4220935360834,3.17365264480479,0
41.4329107218828,3.17371925088623,0
41.4435989267126,3.17378477701982,0
41.4541582139772,3.17384916496543,0
41.4645886688139,3.17391235723373,0
41.4748903997816,3.17397429715884,0
41.4850635407075,3.17403492898436,0
41.4951082527124,3.17409419795042,0
41.5050247264329,3.17415205039842,0
41.5148131844638,3.17420843388272,0
41.524473884048,3.17426329729119,0
41.5340071200413,3.17431659099317,0
41.5434132281863,3.17436826698699,0
41.5526925887357,3.17441827908046,0
41.5618456304666,3.17446658307936,0
41.5708728351356,3.17451313701286,0
41.5797747424356,3.17455790137955,0
41.5885519555184,3.17460083941912,0
41.5972051471607,3.17464191743386,0
41.6057350666641,3.17468110514637,0
41.6141425475891,3.1747183760954,0
41.6224285164495,3.1747537081055,0
41.6305940025035,3.17478708381091,0
41.6386401488081,3.17481849125337,0
41.6465682247328,3.17484792458418,0
41.6543796401612,3.17487538484947,0
41.6620759616507,3.1749008809229,0
41.6696589308755,3.17492443056028,0
41.6771304857366,3.17494606165117,0
41.6844927845991,3.17496581366114,0
41.6917482342139,3.17498373932478,0
41.6982493277646,3.17498374172273,0
