15.1038234504639,0,-0
15.1323391474352,0,0.0069082996498827
15.1608379058286,0,0.0138530233505915
15.1893197036813,0,0.0208341426320678
15.2177845190306,0,0.0278516290242531
15.2462323299136,0,0.0349054540570887
15.2746631143676,0,0.0419955892605159
15.3030768504299,0,0.0491220061644763
15.3314735161378,0,0.0562846762989112
15.3598530895283,0,0.0634835711937621
15.3882155486389,0,0.0707186623789702
15.4165608715067,0,0.077989921384477
15.444889036169,0,0.0852973197402239
15.4732000206631,0,0.0926408289761523
15.5014938030261,0,0.100020420622204
15.5297703612953,0,0.107436066208319
15.558029673508,0,0.11488773726444
15.5862717177014,0,0.122375405320509
15.6144964719127,0,0.129899041906466
15.6427039141792,0,0.137458618552252
15.6708940225382,0,0.14505410678781
15.6990667750269,0,0.152685478143081
15.7272221496824,0,0.160352704148006
15.7553601245422,0,0.168055756332526
15.7834806776433,0,0.175794606226583
15.8115837870231,0,0.183569225360119
15.8396694307188,0,0.191379585263074
15.8677375867677,0,0.19922565746539
15.8957882332069,0,0.207107413497009
15.9238213480738,0,0.215024824887871
15.9518369094055,0,0.222977863167919
15.9798348952393,0,0.230966499867093
16.0078152836125,0,0.238990706515336
16.0357780525623,0,0.247050454642588
16.063723180126,0,0.25514571577879
16.0916506443408,0,0.263276461453885
16.1195604232438,0,0.271442663197814
16.1474524948725,0,0.279644292540518
16.175326837264,0,0.287881321011938
16.2031834284555,0,0.296153720142016
16.2310222464844,0,0.304461461460693
16.2588432693878,0,0.312804516497911
16.286646475203,0,0.321182856783611
16.3144318419672,0,0.329596453847734
16.3421993477178,0,0.338045279220222
16.3699489704918,0,0.346529304431016
16.3976806883267,0,0.355048501010058
16.4253944792595,0,0.363602840487289
16.4530903213276,0,0.372192294392651
16.4807681925682,0,0.380816834256084
16.5084280710186,0,0.389476431607531
16.5360699347159,0,0.398171057976932
16.5636937616975,0,0.406900684894229
16.5912995300005,0,0.415665283889363
16.6188872176623,0,0.424464826492276
16.6464568027201,0,0.43329928423291
16.674008263211,0,0.442168628641205
16.7015415771724,0,0.451072831247103
16.7290567226415,0,0.460011863580546
16.7565536776555,0,0.468985697171474
16.7840324202517,0,0.477994303549829
16.8114929284674,0,0.487037654245554
16.8389351803397,0,0.496115720788588
16.8663591539059,0,0.505228474708873
16.8937648272033,0,0.514375887536351
16.9211521782691,0,0.523557930800964
16.9485211851405,0,0.532774576032652
16.9758718258548,0,0.542025794761357
17.0032040784493,0,0.55131155851702
17.0305179209611,0,0.560631838829583
17.0578133314275,0,0.569986607228988
17.0850902878859,0,0.579375835245175
17.1123487683733,0,0.588799494408085
17.139588750927,0,0.598257556247662
17.1668102135844,0,0.607749992293845
17.1940131343826,0,0.617276774076576
17.2211974913589,0,0.626837873125796
17.2483632625505,0,0.636433260971448
17.2755104259946,0,0.646062909143472
17.3026389597286,0,0.65572678917181
17.3297488417897,0,0.665424872586403
17.356840050215,0,0.675157130917192
17.3839125630419,0,0.68492353569412
17.4109663583076,0,0.694724058447126
17.4380014140492,0,0.704558670706154
17.4650177083042,0,0.714427344001143
17.4920152191097,0,0.724330049862037
17.518993924503,0,0.734266759818775
17.5459538025212,0,0.744237445401299
17.5728948312017,0,0.754242078139551
17.5998169885818,0,0.764280629563472
17.6267202526985,0,0.774353071203004
17.6536046015892,0,0.784459374588088
17.6804700132911,0,0.794599511248665
17.7073164658416,0,0.804773452714677
17.7341439372777,0,0.814981170516064
17.7609524056368,0,0.82522263618277
17.787741848956,0,0.835497821244734
17.8145122452728,0,0.845806697231899
17.8412635726242,0,0.856149235674205
17.8679958090475,0,0.866525408101595
17.89470893258,0,0.876935186044009
17.9214029212589,0,0.887378541031388
17.9480777531215,0,0.897855444593676
17.974733406205,0,0.908365868260812
18.0013698585466,0,0.918909783562737
18.0279870881837,0,0.929487162029395
18.0545850731533,0,0.940097975190725
18.0811637914929,0,0.95074219457667
18.1077232212395,0,0.96141979171717
18.1342633404306,0,0.972130738142167
18.1607841271032,0,0.982875005381603
18.1872855592947,0,0.993652564965419
18.2137676150423,0,1.00446338842356
18.2402302723832,0,1.01530744728596
18.2666735093547,0,1.02618471308256
18.2930973039941,0,1.03709515734331
18.3195016343385,0,1.04803875159814
18.3458864784252,0,1.05901546737701
18.3722518142915,0,1.07002527620984
18.3985976199746,0,1.08106814962659
18.4249238735118,0,1.09214405915719
18.4512305529402,0,1.10325297633158
18.4775176362972,0,1.1143948726797
18.5037851016199,0,1.12556971973151
18.5300329269457,0,1.13677748901693
18.5562610903117,0,1.14801815206591
18.5824695697552,0,1.15929168040839
18.6086583433135,0,1.17059804557431
18.6348273890238,0,1.18193721909362
18.6609766849233,0,1.19330917249625
18.6871062090493,0,1.20471387731215
18.7132159394391,0,1.21615130507126
18.7393058541298,0,1.22762142730352
18.7653759311587,0,1.23912421553886
18.7914261485631,0,1.25065964130724
18.8174564843802,0,1.26222767613859
18.8434669166472,0,1.27382829156286
18.8694574234014,0,1.28546145910998
18.8954279826801,0,1.29712715030991
18.9213785725204,0,1.30882533669256
18.9473091709596,0,1.32055598978791
18.973219756035,0,1.33231908112587
18.9991103057839,0,1.34411458223639
19.0249807982433,0,1.35594246464942
19.0508312114507,0,1.3678026998949
19.0766615234432,0,1.37969525950276
19.1024717122581,0,1.39162011500295
19.1282617559326,0,1.40357723792542
19.154031632504,0,1.41556659980009
19.1797813200094,0,1.42758817215692
19.2055107964863,0,1.43964192652584
19.2312200399717,0,1.45172783443679
19.256909028503,0,1.46384586741973
19.2825777401174,0,1.47599599700458
19.3082261528521,0,1.48817819472129
19.3338542447444,0,1.50039243209981
19.3594619938315,0,1.51263868067007
19.3850493781507,0,1.52491691196201
19.4106163757392,0,1.53722709750557
19.4361629646342,0,1.54956920883071
19.461689122873,0,1.56194321746735
19.4871948284928,0,1.57434909494544
19.512680059531,0,1.58678681279492
19.5381447940246,0,1.59925634254574
19.5635890100111,0,1.61175765572783
19.5890126855275,0,1.62429072387113
19.6144157986112,0,1.6368555185056
19.6397983272994,0,1.64945201116116
19.6651602496293,0,1.66208017336775
19.6905015436383,0,1.67473997665534
19.7158221873634,0,1.68743139255384
19.741122158842,0,1.7001543925932
19.7664014361114,0,1.71290894830338
19.7916599972087,0,1.72569503121429
19.8168978201712,0,1.7385126128559
19.8421148830362,0,1.75136166475814
19.8673111638408,0,1.76424215845094
19.8924866406224,0,1.77715406546426
19.9176412914182,0,1.79009735732803
19.9427750942654,0,1.8030720055722
19.9678880272012,0,1.8160779817267
19.992980068263,0,1.82911525732148
20.0180511954879,0,1.84218380388648
20.0431013869132,0,1.85528359295164
20.0681306205762,0,1.8684145960469
20.093138874514,0,1.88157678470221
20.118126126764,0,1.8947701304475
20.1430923553634,0,1.90799460481272
20.1680375383493,0,1.9212501793278
20.1929616537591,0,1.93453682552269
20.2178646796301,0,1.94785451492734
20.2427465939993,0,1.96120321907167
20.2676073749042,0,1.97458290948564
20.2924470003819,0,1.98799355769918
20.3172654484697,0,2.00143513524224
20.3420626972048,0,2.01490761364476
20.3668387246244,0,2.02841096443667
20.3915935087659,0,2.04194515914793
20.4163270276664,0,2.05551016930846
20.4410392593633,0,2.06910596644822
20.4657301818936,0,2.08273252209714
20.4903997732948,0,2.09638980778517
20.515048011604,0,2.11007779504225
20.5396748748584,0,2.12379645539831
20.5642803410954,0,2.13754576038331
20.5888643883521,0,2.15132568152717
20.6134269946658,0,2.16513619035985
20.6379681380738,0,2.17897725841128
20.6624877966133,0,2.19284885721141
20.6869859483214,0,2.20675095829017
20.7114625712356,0,2.22068353317752
20.735917643393,0,2.23464655340338
20.7603511428309,0,2.2486399904977
20.7847630475864,0,2.26266381599043
20.8091533356969,0,2.2767180014115
20.8335219851997,0,2.29080251829085
20.8578689741318,0,2.30491733815844
20.8821942805306,0,2.31906243254418
20.9064978824334,0,2.33323777297804
20.9307797578773,0,2.34744333098995
20.9550398848997,0,2.36167907810986
20.9792782415377,0,2.37594498586769
21.0034948058286,0,2.3902410257934
21.0276895558096,0,2.40456716941693
21.051862469518,0,2.41892338826822
21.0760135249911,0,2.4333096538772
21.100142700266,0,2.44772593777382
21.1242499733801,0,2.46217221148803
21.1483353223705,0,2.47664844654976
21.1723987252745,0,2.49115461448896
21.1964401601294,0,2.50569068683556
21.2204596049724,0,2.52025663511951
21.2444570378407,0,2.53485243087075
21.2684324367716,0,2.54947804561922
21.2923857798023,0,2.56413345089486
21.3163170449701,0,2.57881861822761
21.3402262103122,0,2.59353351914742
21.3641132538659,0,2.60827812518422
21.3879781536683,0,2.62305240786796
21.4118208877568,0,2.63785633872858
21.4356414341686,0,2.65268988929602
21.4594397709409,0,2.66755303110023
21.483215876111,0,2.68244573567113
21.5069697277161,0,2.69736797453868
21.5307013037935,0,2.71231971923282
21.5544105823804,0,2.72730094128348
21.578097541514,0,2.74231161222061
21.6017621592316,0,2.75735170357415
21.6254044135705,0,2.77242118687404
21.6490242825678,0,2.78752003365023
21.6726217442609,0,2.80264821543265
21.6961967766869,0,2.81780570375124
21.7197493578831,0,2.83299247013595
21.7432794658868,0,2.84820848611672
21.7667870787352,0,2.86345372322349
21.7902721744656,0,2.87872815298621
21.8137347311151,0,2.8940317469348
21.837174726721,0,2.90936447659922
21.8605921393206,0,2.9247263135094
21.8839869469512,0,2.94011722919529
21.9073591276499,0,2.95553719518683
21.930708659454,0,2.97098618301396
21.9540355204007,0,2.98646416420661
21.9773396885274,0,3.00197111029475
22.0006211418712,0,3.01750699280829
22.0238798584693,0,3.03307178327719
22.0471158163591,0,3.04866545323139
22.0703289935777,0,3.06428797420082
22.0935193681625,0,3.07993931771543
22.1166869181506,0,3.09561945530517
22.1398316215793,0,3.11132835849996
22.1629534564859,0,3.12706599882976
22.1860524009075,0,3.14283234782451
22.2091284328814,0,3.15862737701414
22.232181530445,0,3.1744510579286
22.2552116716353,0,3.19030336209783
22.2782188344897,0,3.20618426105177
22.3012029970454,0,3.22209372632036
22.3241641373397,0,3.23803172943354
22.3471022334098,0,3.25399824192126
22.3700172632928,0,3.26999323531345
22.3929092050262,0,3.28601668114006
22.4157780366471,0,3.30206855093103
22.4386237361927,0,3.31814881621631
22.4614462817004,0,3.33425744852582
22.4842456512073,0,3.35039441938951
22.5070218227507,0,3.36655970033734
22.5297747743678,0,3.38275326289922
22.5525044840959,0,3.39897507860511
22.5752109299723,0,3.41522511898496
22.5978940900341,0,3.43150335556869
22.6205539423186,0,3.44780975988625
22.6431904648631,0,3.46414430346759
22.6658036357048,0,3.48050695784264
22.688393432881,0,3.49689769454135
22.7109598344288,0,3.51331648509365
22.7335028183856,0,3.52976330102949
22.7560223627885,0,3.54623811387882
22.7785184456749,0,3.56274089517156
22.8009910450819,0,3.57927161643767
22.8234401390468,0,3.59583024920708
22.8458657056069,0,3.61241676500973
22.8682677227994,0,3.62903113537557
22.8906461686615,0,3.64567333183455
22.9130010212305,0,3.66234332591659
22.9353322585436,0,3.67904108915164
22.9576398586381,0,3.69576659306964
22.9799237995512,0,3.71251980920054
23.0021840593202,0,3.72930070907427
23.0244206159822,0,3.74610926422078
23.0466334475746,0,3.76294544617001
23.0688225321346,0,3.7798092264519
23.0909878476995,0,3.79670057659638
23.1131293723064,0,3.81361946813341
23.1352470839926,0,3.83056587259293
23.1573409607954,0,3.84753976150487
23.1794109807519,0,3.86454110639917
23.2014571218996,0,3.88156987880578
23.2234793622755,0,3.89862605025465
23.245477679917,0,3.9157095922757
23.2674520528612,0,3.93282047639888
23.2894024591455,0,3.94995867415414
23.311328876807,0,3.96712415707142
23.3332312838831,0,3.98431689668064
23.3551096584109,0,4.00153686451177
23.3769639784277,0,4.01878403209474
23.3987942219708,0,4.03605837095949
23.4206003670773,0,4.05335985263595
23.4423823917846,0,4.07068844865408
23.4641402741298,0,4.08804413054382
23.4858739921503,0,4.1054268698351
23.5075835238832,0,4.12283663805787
23.5292688473658,0,4.14027340674207
23.5509299406354,0,4.15773714741764
23.5725667817291,0,4.17522783161452
23.5941793486843,0,4.19274543086265
23.6157676195382,0,4.21028991669198
23.637331572328,0,4.22786126063244
23.658871185091,0,4.24545943421398
23.6803864358644,0,4.26308440896654
23.7018773026854,0,4.28073615642006
23.7233437635913,0,4.29841464810448
23.7447857966194,0,4.31611985554974
23.7662033798069,0,4.33385175028579
23.787596491191,0,4.35161030384256
23.8089651088089,0,4.36939548775
23.830309210698,0,4.38720727353805
23.8516287748954,0,4.40504563273665
23.8729237794385,0,4.42291053687574
23.8941942023643,0,4.44080195748526
23.9154400217103,0,4.45871986609515
23.9366612155136,0,4.47666423423536
23.9578577618115,0,4.49463503343583
23.9790296386412,0,4.5126322352265
24.00017682404,0,4.5306558111373
24.0212992960451,0,4.54870573269819
24.0423970326937,0,4.5667819714391
24.0634700120232,0,4.58488449888997
24.0845182120707,0,4.60301328658075
24.1055416108734,0,4.62116830604137
24.1265401864687,0,4.63934952880178
24.1475139168938,0,4.65755692639192
24.1684627801858,0,4.67579047034173
24.1893867543822,0,4.69405013218116
24.21028581752,0,4.71233588344014
24.2311599476366,0,4.73064769564861
24.2520091227692,0,4.74898554033652
24.272833320955,0,4.7673493890338
24.2936325202313,0,4.78573921327041
24.3144066986353,0,4.80415498457628
24.3351558342042,0,4.82259667448134
24.3558799049754,0,4.84106425451556
24.376578888986,0,4.85955769620885
24.3972527642733,0,4.87807697109117
24.4179015088746,0,4.89662205069246
24.4385251008271,0,4.91519290654266
24.4591235181679,0,4.93378951017171
24.4796967389345,0,4.95241183310955
24.5002447411639,0,4.97105984688612
24.5207675028935,0,4.98973352303137
24.5412650021605,0,5.00843283307524
24.5617372170022,0,5.02715774854766
24.5821841254557,0,5.04590824097858
24.6026057055584,0,5.06468428189794
24.6230019353475,0,5.08348584283568
24.6433727928601,0,5.10231289532174
24.6637182561337,0,5.12116541088607
24.6840383032053,0,5.14004336105861
24.7043329121123,0,5.15894671736929
24.7246020608919,0,5.17787545134806
24.7448457275813,0,5.19682953452486
24.7650638902178,0,5.21580893842963
24.7852565268386,0,5.23481363459231
24.805423615481,0,5.25384359454285
24.8255651341822,0,5.27289878981118
24.8456810609795,0,5.29197919192725
24.8657713739101,0,5.311084772421
24.8858360510112,0,5.33021550282237
24.9058750703201,0,5.3493713546613
24.925888409874,0,5.36855229946773
24.9458760477102,0,5.3877583087716
24.9658379618659,0,5.40698935410286
24.9857741303784,0,5.42624540699145
25.0056845312849,0,5.4455264389673
25.0255691426226,0,5.46483242156037
25.0454279424289,0,5.48416332630058
25.0652609087408,0,5.50351912471789
25.0850680195958,0,5.52289978834223
25.104849253031,0,5.54230528870355
25.1246045870836,0,5.56173559733178
25.1443339997909,0,5.58119068575687
25.1640374691902,0,5.60067052550876
25.1837149733187,0,5.62017508811739
25.2033664902137,0,5.63970434511271
25.2229919979123,0,5.65925826802464
25.2425914744519,0,5.67883682838314
25.2621648978696,0,5.69843999771815
25.2817122462028,0,5.7180677475596
25.3012334974886,0,5.73772004943744
25.3207286297643,0,5.75739687488162
25.3401976210671,0,5.77709819542206
25.3596404494344,0,5.79682398258872
25.3790570929033,0,5.81657420791154
25.398447529511,0,5.83634884292045
25.4178117372949,0,5.85614785914539
25.4371496942922,0,5.87597122811632
25.4564613785401,0,5.89581892136316
25.4757467680758,0,5.91569091041587
25.4950058409366,0,5.93558716680438
25.5142385751598,0,5.95550766205863
25.5334449487825,0,5.97545236770857
25.5526249398421,0,5.99542125528414
25.5717785263757,0,6.01541429631528
25.5909056864207,0,6.03543146233193
25.6100063980142,0,6.05547272486402
25.6290806391935,0,6.07553805544151
25.6481283879959,0,6.09562742559434
25.6671496224585,0,6.11574080685244
25.6861443206187,0,6.13587817074575
25.7051124605137,0,6.15603948880423
25.7240540201807,0,6.1762247325578
25.7429689776569,0,6.19643387353642
25.7618573109797,0,6.21666688327002
25.7807189981862,0,6.23692373328854
25.7995540173137,0,6.25720439512193
25.8183623463995,0,6.27750884030012
25.8371439634807,0,6.29783704035307
25.8558988465947,0,6.3181889668107
25.8746269737786,0,6.33856459120296
25.8933283230697,0,6.3589638850598
25.9120028725053,0,6.37938681991115
25.9306506001226,0,6.39983336728695
25.9492714839589,0,6.42030349871715
25.9678655020513,0,6.44079718573169
25.9864326324372,0,6.46131439986051
26.0049728531537,0,6.48185511263355
26.0234861422382,0,6.50241929558075
26.0419724777278,0,6.52300692023205
26.0604318376599,0,6.5436179581174
26.0788642000716,0,6.56425238076674
26.0972695430002,0,6.58491015971
26.1156478444829,0,6.60559126647714
26.133999082557,0,6.62629567259808
26.1523232352597,0,6.64702334960277
26.1706202806283,0,6.66777426902116
26.1888901967,0,6.68854840238319
26.2071329615121,0,6.70934572121879
26.2253485531018,0,6.7301661970579
26.2435369495063,0,6.75100980143048
26.2616981287629,0,6.77187650586645
26.2798320689088,0,6.79276628189577
26.2979387479813,0,6.81367910104837
26.3160181440176,0,6.8346149348542
26.334070235055,0,6.85557375484319
26.3520949991307,0,6.87655553254528
26.370092414282,0,6.89756023949043
26.388062458546,0,6.91858784720857
26.4060051099601,0,6.93963832722964
26.4239203465614,0,6.96071165108358
26.4418081463873,0,6.98180779030033
26.459668487475,0,7.00292671640984
26.4775013478616,0,7.02406840094205
26.4953067055846,0,7.0452328154269
26.513084538681,0,7.06641993139433
26.5308348251881,0,7.08762972037427
26.5485575431433,0,7.10886215389668
26.5662526705836,0,7.1301172034915
26.5839201855465,0,7.15139484068866
26.6015600660691,0,7.17269503701811
26.6191722901886,0,7.19401776400978
26.6367568359423,0,7.21536299319363
26.6543136813675,0,7.23673069609958
26.6718428045014,0,7.25812084425759
26.6893441833812,0,7.27953340919759
26.7068177960442,0,7.30096836244953
26.7242636205276,0,7.32242567554334
26.7416816348686,0,7.34390532000897
26.7590718171046,0,7.36540726737637
26.7764341452728,0,7.38693148917546
26.7937685974103,0,7.40847795693619
26.8110751515545,0,7.43004664218851
26.8283537857426,0,7.45163751646235
26.8456044780118,0,7.47325055128766
26.8628272063993,0,7.49488571819438
26.8800219489425,0,7.51654298871245
26.8971886836785,0,7.5382223343718
26.9143273886447,0,7.55992372670239
26.9314380418782,0,7.58164713723416
26.9485206214163,0,7.60339253749703
26.9655751052962,0,7.62515989902097
26.9826014715552,0,7.6469491933359
26.9995996982305,0,7.66876039197177
27.0165697633594,0,7.69059346645852
27.0335116449791,0,7.71244838832609
27.0504253211268,0,7.73432512910443
27.0673107698399,0,7.75622366032347
27.0841679691555,0,7.77814395351315
27.1009968971108,0,7.80008598020343
27.1177975317432,0,7.82204971192423
27.1345698510899,0,7.8440351202055
27.1513138331881,0,7.86604217657718
27.168029456075,0,7.88807085256922
27.184716697788,0,7.91012111971155
27.2013755363641,0,7.93219294953412
27.2180059498408,0,7.95428631356686
27.2346079162552,0,7.97640118333973
27.2511814136446,0,7.99853753038265
27.2677264200462,0,8.02069532622558
27.2842429134973,0,8.04287454239844
27.3007308720351,0,8.06507515043119
27.3171902736968,0,8.08729712185377
27.3336210965197,0,8.10954042819611
27.3500233185411,0,8.13180504098817
27.3663969177982,0,8.15409093175987
27.3827418723281,0,8.17639807204116
27.3990581601683,0,8.19872643336199
27.4153457593558,0,8.22107598725228
27.4316046479281,0,8.243446705242
27.4478348039222,0,8.26583855886107
27.4640362053754,0,8.28825151963944
27.4802088303251,0,8.31068555910705
27.4963526568084,0,8.33314064879384
27.5124676628625,0,8.35561676022975
27.5285538265248,0,8.37811386494473
27.5446111258324,0,8.40063193446871
27.5606395388227,0,8.42317094033164
27.5766390435328,0,8.44573085406345
27.592609618,0,8.4683116471941
27.6085512402615,0,8.49091329125351
27.6244638883546,0,8.51353575777164
27.6403475403165,0,8.53617901827842
27.6562021741845,0,8.5588430443038
27.6720277679959,0,8.58152780737771
27.6878242997877,0,8.6042332790301
27.7035917475974,0,8.62695943079091
27.7193300894621,0,8.64970623419008
27.7350393034191,0,8.67247366075755
27.7507193675057,0,8.69526168202326
27.766370259759,0,8.71807026951717
27.7819919582163,0,8.74089939476919
27.7975844409149,0,8.76374902930928
27.813147685892,0,8.78661914466738
27.8286816711848,0,8.80950971237344
27.8441863748307,0,8.83242070395738
27.8596617748667,0,8.85535209094916
27.8751078493303,0,8.87830384487871
27.8905245762585,0,8.90127593727598
27.9059119336888,0,8.9242683396709
27.9212698996582,0,8.94728102359343
27.9365984522041,0,8.97031396057349
27.9518975693638,0,8.99336712214104
27.9671672291743,0,9.016440479826
27.982407409673,0,9.03953400515833
27.9976180888972,0,9.06264766966797
28.012799244884,0,9.08578144488486
28.0279508556708,0,9.10893530233893
28.0430728992947,0,9.13210921356013
28.058165353793,0,9.1553031500784
28.073228197203,0,9.17851708342369
28.0882614075618,0,9.20175098512593
28.1032649629068,0,9.22500482671507
28.1182388412752,0,9.24827857972104
28.1331830207042,0,9.27157221567379
28.1480974792311,0,9.29488570610327
28.162982194893,0,9.3182190225394
28.1778371457274,0,9.34157213651213
28.1926623097713,0,9.36494501955141
28.207457665062,0,9.38833764318718
28.2222231896369,0,9.41174997894936
28.2369588615331,0,9.43518199836792
28.2516646587878,0,9.45863367297279
28.2663405594384,0,9.48210497429391
28.280986541522,0,9.50559587386122
28.2956025830759,0,9.52910634320467
28.3101886621374,0,9.55263635385418
28.3247447567436,0,9.57618587733972
28.3392708449319,0,9.59975488519121
28.3537669047395,0,9.62334334893861
28.3682329142036,0,9.64695124011184
28.3826688513615,0,9.67057853024086
28.3970746942503,0,9.6942251908556
28.4114504209074,0,9.717891193486
28.4257960093701,0,9.74157650966201
28.4401114376754,0,9.76528111091357
28.4543966838607,0,9.78900496877061
28.4686517259633,0,9.81274805476309
28.4828765420203,0,9.83651034042094
28.4970711100691,0,9.8602917972741
28.5112354081468,0,9.88409239685252
28.5253694142907,0,9.90791211068613
28.5394731065381,0,9.93175091030488
28.5535464629261,0,9.95560876723871
28.5675894614921,0,9.97948565301756
28.5816020802732,0,10.0033815391714
28.5955842973068,0,10.0272963972301
28.60953609063,0,10.0512301987236
28.6234574382802,0,10.075182915182
28.6373483182945,0,10.099154518135
28.6512087087102,0,10.1231449791128
28.6650385875645,0,10.1471542696451
28.6788379328947,0,10.171182361262
28.692606722738,0,10.1952292254934
28.7063449351317,0,10.2192948338693
28.720052548113,0,10.2433791579195
28.7337295397192,0,10.267482169174
28.7473758879875,0,10.2916038391628
28.7609915709551,0,10.3157441394157
28.7745765666593,0,10.3399030414629
28.7881308531373,0,10.3640805168341
28.8016544084265,0,10.3882765370593
28.8151472105639,0,10.4124910736685
28.8286092375869,0,10.4367240981916
28.8420404675327,0,10.4609755821585
28.8554408784385,0,10.4852454970993
28.8688104483417,0,10.5095338145437
28.8821491552793,0,10.5338405060219
28.8954569772888,0,10.5581655430636
28.9087338924073,0,10.5825088971989
28.921979878672,0,10.6068705399577
28.9351949141203,0,10.63125044287
28.9483789767893,0,10.6556485774656
28.9615320447163,0,10.6800649152745
28.9746540959386,0,10.7044994278267
28.9877451084933,0,10.7289520866521
29.0008050604178,0,10.7534228632807
29.0138339297493,0,10.7779117292423
29.0268316945249,0,10.802418656067
29.0397983327821,0,10.8269436152846
29.0527338225579,0,10.8514865784252
29.0656381418897,0,10.8760475170186
29.0785112688146,0,10.9006264025948
29.0913531813701,0,10.9252232066837
29.1041638575931,0,10.9498379008153
29.1169432755212,0,10.9744704565195
29.1296914131913,0,10.9991208453263
29.1424082486409,0,11.0237890387656
29.1550937599072,0,11.0484750083673
29.1677479250273,0,11.0731787256614
29.1803707220386,0,11.0979001621778
29.1929621289783,0,11.1226392894465
29.2055221238836,0,11.1473960789974
29.2180506847917,0,11.1721705023605
29.23054778974,0,11.1969625310656
29.2430134167657,0,11.2217721366428
29.2554475439059,0,11.2465992906219
29.267850149198,0,11.271443964533
29.2802212106792,0,11.2963061299059
29.2925607063867,0,11.3211857582706
29.3048686143578,0,11.346082821157
29.3171449126297,0,11.3709972900952
29.3293895792397,0,11.3959291366149
29.341602592225,0,11.4208783322462
29.3537839296229,0,11.4458448485191
29.3659335694705,0,11.4708286569633
29.3780514898052,0,11.495829729109
29.3901376686642,0,11.5208480364859
29.4021920840846,0,11.5458835506242
29.4142147141039,0,11.5709362430537
29.4262055367592,0,11.5960060853043
29.4381645300877,0,11.621093048906
29.4500916721268,0,11.6461971053887
29.4619869409136,0,11.6713182262824
29.4738503144854,0,11.6964563831171
29.4856817708794,0,11.7216115474226
29.4974812881329,0,11.7467836907288
29.5092488442831,0,11.7719727845659
29.5209844173672,0,11.7971788004636
29.5326879854226,0,11.8224017099519
29.5443595264864,0,11.8476414845609
29.555999018596,0,11.8728980958203
29.5676064397884,0,11.8981715152601
29.5791817681011,0,11.9234617144104
29.5907249815712,0,11.948768664801
29.6022360582359,0,11.9740923379619
29.6137149761326,0,11.9994327054229
29.6251617132984,0,12.0247897387142
29.6365762477706,0,12.0501634093655
29.6479585575865,0,12.0755536889069
29.6593086207832,0,12.1009605488682
29.6706264153981,0,12.1263839607795
29.6819119194684,0,12.1518238961706
29.6931651110312,0,12.1772803265716
29.704385968124,0,12.2027532235123
29.7155744687838,0,12.2282425585227
29.726730591048,0,12.2537483031327
29.7378543129538,0,12.2792704288722
29.7489456125384,0,12.3048089072713
29.7600044678392,0,12.3303637098599
29.7710308568932,0,12.3559348081678
29.7820247577378,0,12.3815221737251
29.7929861484102,0,12.4071257780616
29.8039150069477,0,12.4327455927074
29.8148113113875,0,12.4583815891923
29.8256750397668,0,12.4840337390463
29.8365061701229,0,12.5097020137994
29.847304680493,0,12.5353863849814
29.8580705489144,0,12.5610868241224
29.8688037534243,0,12.5868033027523
29.87950427206,0,12.6125357924009
29.8901720828587,0,12.6382842645983
29.9008071638577,0,12.6640486908744
29.9114094930941,0,12.6898290427591
29.9219790486053,0,12.7156252917824
29.9325158084284,0,12.7414374094743
29.9430197506008,0,12.7672653673645
29.9534908531596,0,12.7931091369832
29.9639290941422,0,12.8189686898602
29.9743344515857,0,12.8448439975255
29.9847069035274,0,12.870735031509
29.9950464280045,0,12.8966417633407
30.0053530030544,0,12.9225641645505
30.0156266067141,0,12.9485022066683
30.0258672170211,0,12.9744558612241
30.0360748120124,0,13.0004250997479
30.0462493697254,0,13.0264098937695
30.0563908681974,0,13.0524102148189
30.0664992854654,0,13.0784260344261
30.0765745995669,0,13.104457324121
30.086616788539,0,13.1305040554335
30.0966258304189,0,13.1565661998936
30.106601703244,0,13.1826437290312
30.1165443850515,0,13.2087366143763
30.1264538538786,0,13.2348448274587
30.1363300877625,0,13.2609683398086
30.1461730647405,0,13.2871071229557
30.1559827628499,0,13.31326114843
30.1657591601278,0,13.3394303877615
30.1755022346116,0,13.3656148124801
30.1852119643384,0,13.3918143941157
30.1948883273456,0,13.4180291041984
30.2045313016703,0,13.444258914258
30.2141408653498,0,13.4705037958244
30.2237169964214,0,13.4967637204277
30.2332596729223,0,13.5230386595977
30.2427688728896,0,13.5493285848644
30.2522445743608,0,13.5756334677578
30.261686755373,0,13.6019532798078
30.2710953939635,0,13.6282879925442
30.2804704681694,0,13.6546375774972
30.2898119560281,0,13.6810020061965
30.2991198355769,0,13.7073812501722
30.3083940848528,0,13.7337752809542
30.3176346818932,0,13.7601840700724
30.3268416047354,0,13.7866075890567
30.3360148314165,0,13.8130458094372
30.3451543399739,0,13.8394987027438
30.3542601084447,0,13.8659662405063
30.3633321148662,0,13.8924483942548
30.3723703372756,0,13.9189451355191
30.3813747537103,0,13.9454564358293
30.3903453422074,0,13.9719822667152
30.3992820808041,0,13.9985225997069
30.4081849475378,0,14.0250774063342
30.4170539204456,0,14.051646658127
30.4258889775648,0,14.0782303266154
30.4346900969327,0,14.1048283833293
30.4434572565865,0,14.1314407997985
30.4521904345634,0,14.1580675475532
30.4608896089008,0,14.1847085981231
30.4695547576357,0,14.2113639230382
30.4781858588055,0,14.2380334938285
30.4867828904474,0,14.264717282024
30.4953458305987,0,14.2914152591545
30.5038746572965,0,14.31812739675
30.5123693485783,0,14.3448536663404
30.5208298824811,0,14.3715940394557
30.5292562370422,0,14.3983484876259
30.5376483902989,0,14.4251169823808
30.5460063202884,0,14.4518994952504
30.554330005048,0,14.4786959977646
30.5626194226149,0,14.5055064614535
30.5708745510264,0,14.5323308578469
30.5790953683196,0,14.5591691584747
30.5872818525319,0,14.586021334867
30.5954339817004,0,14.6128873585536
30.6035517338625,0,14.6397672010645
30.6116350870554,0,14.6666608339297
30.6196840193162,0,14.693568228679
30.6276985086823,0,14.7204893568424
30.6356785331909,0,14.7474241899499
30.6436240708793,0,14.7743726995315
30.6515350997846,0,14.8013348571169
30.6594115979442,0,14.8283106342363
30.6672535433953,0,14.8553000024194
30.675060914175,0,14.8823029331964
30.6828336883208,0,14.909319398097
30.6905718438697,0,14.9363493686513
30.6982753588591,0,14.9633928163892
30.7059442113261,0,14.9904497128406
30.7135783793081,0,15.0175200295356
30.7211778408423,0,15.0446037380039
30.7287425739659,0,15.0717008097756
30.7362725567162,0,15.0988112163805
30.7437677671304,0,15.1259349293487
30.7512281832457,0,15.1530719202102
30.7586537830995,0,15.1802221604947
30.7660445447288,0,15.2073856217323
30.7734004461711,0,15.2345622754529
30.7807214654635,0,15.2617520931864
30.7880075806433,0,15.2889550464629
30.7952587697476,0,15.3161711068121
30.8024750108139,0,15.3434002457642
30.8096562818792,0,15.3706424348489
30.8168025609809,0,15.3978976455963
30.8239138261562,0,15.4251658495363
30.8309900554423,0,15.4524470181989
30.8380312268765,0,15.4797411231139
30.845037318496,0,15.5070481358113
30.8520083083381,0,15.5343680278211
30.85894417444,0,15.5617007706732
30.865844894839,0,15.5890463358976
30.8727104475722,0,15.6164046950241
30.879540810677,0,15.6437758195828
30.8863359621905,0,15.6711596811035
30.8930958801501,0,15.6985562511163
30.899820542593,0,15.725965501151
30.9065099275564,0,15.7533874027376
30.9131640130775,0,15.780821927406
30.9197827771936,0,15.8082690466862
30.926366197942,0,15.8357287321081
30.9329142533599,0,15.8632009552017
30.9394269214845,0,15.8906856874969
30.9459041803531,0,15.9181829005236
30.9523460080029,0,15.9456925658118
30.9587523824712,0,15.9732146548914
30.9651232817952,0,16.0007491392924
30.9714586840121,0,16.0282959905447
30.9777585671592,0,16.0558551801783
30.9840229092738,0,16.083426679723
30.990251688393,0,16.1110104607089
30.9964448825542,0,16.1386064946658
31.0026024697945,0,16.1662147531238
31.0087244281513,0,16.1938352076127
31.0148107356617,0,16.2214678296625
31.020861370363,0,16.2491125908032
31.0268763102925,0,16.2767694625646
31.0328555334873,0,16.3044384164767
31.0387990179848,0,16.3321194240696
31.0447067418221,0,16.359812456873
31.0505786830366,0,16.3875174864169
31.0564148196654,0,16.4152344842314
31.0622151297459,0,16.4429634218463
31.0679795913152,0,16.4707042707915
31.0737081824106,0,16.4984570025971
31.0794008810693,0,16.5262215887929
31.0850576653286,0,16.5539980009089
31.0906785132257,0,16.581786210475
31.0962634027979,0,16.6095861890212
31.1018123120824,0,16.6373979080775
31.1073252191165,0,16.6652213391737
31.1128021019374,0,16.6930564538398
31.1182429385823,0,16.7209032236057
31.1236477070885,0,16.7487616200014
31.1290163854932,0,16.7766316145569
31.1343489518337,0,16.804513178802
31.1396453841472,0,16.8324062842667
31.144905660471,0,16.860310902481
31.1501297588423,0,16.8882270049747
31.1553176572983,0,16.9161545632779
31.1604693338763,0,16.9440935489205
31.1655847666136,0,16.9720439334324
31.1706639335474,0,17.0000056883435
31.1757068127148,0,17.0279787851838
31.1807133821533,0,17.0559631954833
31.1856836198999,0,17.0839588907719
31.190617503992,0,17.1119658425794
31.1955150124668,0,17.139984022436
31.2003761233615,0,17.1680134018714
31.2052008147135,0,17.1960539524157
31.2099890645598,0,17.2241056455988
31.2147408509379,0,17.2521684529506
31.2194561518848,0,17.2802423460011
31.2241349454379,0,17.3083272962801
31.2287772096344,0,17.3364232753178
31.2333829225116,0,17.3645302546439
31.2379520621066,0,17.3926482057885
31.2424846064568,0,17.4207771002814
31.2469805335994,0,17.4489169096527
31.2514398215716,0,17.4770676054322
31.2558624484106,0,17.50522915915
31.2602483921538,0,17.5334015423358
31.2645976308383,0,17.5615847265198
31.2689101425014,0,17.5897786832318
31.2731859051804,0,17.6179833840017
31.2774248969124,0,17.6461988003596
31.2816270957348,0,17.6744249038353
31.2857924796847,0,17.7026616659587
31.2899210267995,0,17.73090905826
31.2940127151163,0,17.7591670522689
31.2980675226724,0,17.7874356195154
31.302085427505,0,17.8157147315295
31.3060664076515,0,17.844004359841
31.310010441149,0,17.87230447598
31.3139175060347,0,17.9006150514764
31.317787580346,0,17.9289360578602
31.3216206421201,0,17.9572674666611
31.3254166693941,0,17.9856092494093
31.3291756402055,0,18.0139613776346
31.3328975325913,0,18.0423238228671
31.3365823245888,0,18.0706965566365
31.3402299942353,0,18.0990795504729
31.3438405195681,0,18.1274727759063
31.3474138786243,0,18.1558762044664
31.3509500494413,0,18.1842898076834
31.3544490100561,0,18.2127135570871
31.3579107385062,0,18.2411474242075
31.3613352128288,0,18.2695913805745
31.364722411061,0,18.2980453977181
31.3680723112402,0,18.3265094471682
31.3713848914035,0,18.3549835004547
31.3746601295883,0,18.3834675291076
31.3778980038317,0,18.4119615046568
31.381098492171,0,18.4404653986323
31.3842615726435,0,18.468979182564
31.3873872232864,0,18.4975028279819
31.3904754221369,0,18.5260363064158
31.3935261472323,0,18.5545795893958
31.3965393766098,0,18.5831326484517
31.3995150883067,0,18.6116954551136
31.4024532603603,0,18.6402679809113
31.4053538708076,0,18.6688501973749
31.4082168976861,0,18.6974420760341
31.4110423190329,0,18.7260435884191
31.4138301128853,0,18.7546547060596
31.4165802572805,0,18.7832754004858
31.4192927302558,0,18.8119056432274
31.4219675098484,0,18.8405454058145
31.4246045740956,0,18.869194659777
31.4272039010346,0,18.8978533766448
31.4297654687026,0,18.9265215279479
31.4322892551369,0,18.9551990852161
31.4347752383748,0,18.9838860199796
31.4372233964535,0,19.0125823037681
31.4396337074101,0,19.0412879081117
31.4420061492821,0,19.0700028045402
31.4443407001065,0,19.0987269645837
31.4466373379207,0,19.1274603597721
31.4488960407619,0,19.1562029616352
31.4511167866674,0,19.1849547417031
31.4532995536743,0,19.2137156715056
31.45544431982,0,19.2424857225728
31.4575510631416,0,19.2712648664346
31.4596197616765,0,19.3000530746208
31.4616503934618,0,19.3288503186616
31.4636429365348,0,19.3576565700867
31.4655973689328,0,19.3864718004261
31.4675136686929,0,19.4152959812098
31.4693918138525,0,19.4441290839678
31.4712317824488,0,19.4729710802299
31.473033552519,0,19.5018219415261
31.4747971021004,0,19.5306816393863
31.4765224092302,0,19.5595501453405
31.4782094519456,0,19.5884274309187
31.4798582082839,0,19.6173134676507
31.4814686562824,0,19.6462082270665
31.4830407739782,0,19.675111680696
31.4845745394087,0,19.7040238000693
31.4860699306111,0,19.7329445567162
31.4875269256226,0,19.7618739221666
31.4889455024804,0,19.7908118679506
31.4903256392218,0,19.819758365598
31.4916673138841,0,19.8487133866388
31.4929705045045,0,19.8776769026029
31.4942351891202,0,19.9066488850204
31.4954613457685,0,19.935629305421
31.4966489524866,0,19.9646181353348
31.4977979873118,0,19.9936153462917
31.4989084282812,0,20.0226209098217
31.4999802534323,0,20.0516347974546
31.5010134408021,0,20.0806569807205
31.502007968428,0,20.1096874311493
31.5029638143471,0,20.1387261202708
31.5038809565968,0,20.1677730196151
31.5047593732143,0,20.1968281007121
31.5055990422367,0,20.2258913350917
31.5063999417015,0,20.2549626942839
31.5071620496457,0,20.2840421498186
31.5078853441067,0,20.3131296732258
31.5085698031216,0,20.3422252360354
31.5092154047278,0,20.3713288097773
