39.6750465307308,0,0
39.6839975888334,0.249594793205834,0
39.6914088406925,0.49930256508291,0
39.6972685304788,0.749113809308533,0
39.7015718340493,0.99901891462506,0
39.7043155962128,1.24900821581633,0
39.7054974386003,1.49907201100596,0
39.7051154384614,1.74920057041732,0
39.7031679793904,1.99938414165687,0
39.699653671022,2.24961295326354,0
39.6945713014269,2.49987721728014,0
39.6879198068532,2.75016713122466,0
39.679698251452,3.00047287967012,0
39.6699058131197,3.25078463555644,0
39.6585417732747,3.50109256131208,0
39.6456055092722,3.75138680983618,0
39.6310964886422,4.00165752537598,0
39.6150142646284,4.25189484432387,0
39.5973584726734,4.50208889595143,0
39.5781288276098,4.75222980309367,0
39.5573251213852,5.0023076827929,0
39.5349472211984,5.25231264690986,0
39.5109950679576,5.50223480270773,0
39.485468674991,5.75206425341366,0
39.4583681269614,6.00179109876137,0
39.4296935789439,6.25140543551767,0
39.3994452556367,6.50089735799545,0
39.3676234506819,6.75025695855477,0
39.3342285260763,6.99947432809395,0
39.2992609116575,7.2485395565318,0
39.2627211046532,7.49744273328216,0
39.2246096692837,7.74617394772167,0
39.1849272364088,7.99472328965164,0
39.143674503213,8.24308084975459,0
39.1008522329236,8.4912367200461,0
39.0564612545554,8.73918099432247,0
39.0105024626806,8.98690376860464,0
38.9629768172185,9.23439514157865,0
38.9138853432422,9.48164521503313,0
38.863229130802,9.7286440942939,0
38.8110093347601,9.97538188865611,0
38.7572271746384,10.2218487118141,0
38.7018839344747,10.4680346822889,0
38.644980962688,10.7139299238541,0
38.5865196719511,10.95952456596,0
38.526501539069,11.2048087441551,0
38.4649281048632,11.4497726005076,0
38.40180097406,11.6944062840243,0
38.3371218151835,11.9386999510683,0
38.2708923604507,12.1826437657756,0
38.2031144056704,12.4262279004708,0
38.1337898101437,12.669442536081,0
38.0629204965666,12.9122778625489,0
37.9905084509342,13.1547240792451,0
37.916555722445,13.396771395379,0
37.8410644234076,13.6384100304091,0
37.7640367291463,13.8796302144518,0
37.6854748779081,14.1204221886903,0
37.605381170769,14.3607762057815,0
37.523757971541,14.6006825302631,0
37.4406077066771,14.8401314389587,0
37.3559328651781,15.0791132213836,0
37.2697359984967,15.3176181801483,0
37.1820197204418,15.5556366313624,0
37.0927867070817,15.7931589050366,0
37.0020396966461,16.0301753454854,0
36.9097814894274,16.2666763117277,0
36.8160149476801,16.502652177887,0
36.7207429955193,16.7380933335918,0
36.6239686188179,16.9729901843737,0
36.5256948651019,17.207333152066,0
36.4259248434446,17.4411126752008,0
36.3246617243589,17.6743192094063,0
36.2219087396882,17.9069432278019,0
36.1176691824951,18.1389752213941,0
36.0119464069494,18.3704056994705,0
35.9047438282126,18.6012251899937,0
35.7960649223226,18.8314242399944,0
35.6859132260747,19.0609934159631,0
35.5742923369021,19.2899233042419,0
35.4612059127533,19.518204511415,0
35.3466576719687,19.7458276646986,0
35.230651393154,19.97278341233,0
35.1131909150527,20.1990624239555,0
34.9942801364158,20.4246553910184,0
34.8739230158698,20.6495530271453,0
34.7521235717825,20.873746068532,0
34.6288858821267,21.0972252743283,0
34.504214084342,21.3199814270225,0
34.3781123751942,21.5420053328244,0
34.2505850106327,21.7632878220476,0
34.1216363056459,21.9838197494913,0
33.9912706341141,22.2035919948209,0
33.8594924286605,22.4225954629477,0
33.7263061804999,22.6408210844075,0
33.5917164392856,22.8582598157388,0
33.4557278129533,23.07490263986,0
33.3183449675638,23.2907405664446,0
33.1795726271424,23.5057646322974,0
33.0394155735175,23.7199659017274,0
32.8978786461555,23.9333354669221,0
32.7549667419944,24.1458644483188,0
32.6106848152753,24.3575439949758,0
32.4650378773708,24.5683652849431,0
32.3180309966121,24.7783195256309,0
32.1696692981135,24.9873979541777,0
32.0199579635945,25.1955918378173,0
31.8689022312003,25.4028924742451,0
31.716507395319,25.6092911919823,0
31.5627788063979,25.8147793507399,0
31.4077218707566,26.0193483417814,0
31.2513420503982,26.2229895882842,0
31.0936448628184,26.4256945456997,0
30.9346358808123,26.6274547021132,0
30.7743207322787,26.828261578601,0
30.6127051000229,27.0281067295879,0
30.4497947215564,27.2269817432029,0
30.2855953888952,27.4248782416333,0
30.1201129483555,27.6217878814781,0
29.9533533003468,27.8177023541001,0
29.7853223991641,28.0126133859767,0
29.6160262527761,28.2065127390494,0
29.4454709226133,28.3993922110718,0
29.2736625233516,28.5912436359571,0
29.1006072226959,28.7820588841233,0
28.9263112411601,28.9718298628377,0
28.7507808518455,29.1605485165602,0
28.5740223802171,29.3482068272846,0
28.3960422038771,29.5347968148792,0
28.2168467523375,29.7203105374258,0
28.0364425067892,29.9047400915572,0
27.8548359998697,30.0880776127937,0
27.6720338154286,30.2703152758774,0
27.4880425882912,30.4514452951062,0
27.302869004019,30.6314599246653,0
27.1165197986696,30.8103514589583,0
26.929001758553,30.9881122329355,0
26.7403217199871,31.1647346224221,0
26.5504865690498,31.3402110444444,0
26.3595032413305,31.5145339575537,0
26.1673787216782,31.6876958621503,0
25.9741200439485,31.8596893008046,0
25.7797342907477,32.0305068585773,0
25.5842285931755,32.2001411633378,0
25.3876101305655,32.3685848860813,0
25.1898861302238,32.5358307412441,0
24.9910638671648,32.7018714870173,0
24.7911506638461,32.8666999256594,0
24.5901538899007,33.0303089038064,0
24.3880809618673,33.1926913127807,0
24.1849393429188,33.353840088899,0
23.9807365425886,33.5137482137775,0
23.775480116495,33.672408714636,0
23.569177666064,33.8298146646001,0
23.3618368382492,33.985959183002,0
23.1534653252509,34.1408354356795,0
22.9440708642327,34.294436635273,0
22.7336612370356,34.4467560415213,0
22.5222442698918,34.5977869615547,0
22.3098278331347,34.7475227501879,0
22.0964198409084,34.8959568102096,0
21.8820282508747,35.0430825926709,0
21.6666610639181,35.1888935971727,0
21.4503263238496,35.3333833721495,0
21.2330321171079,35.4765455151537,0
21.0147865724594,35.6183736731355,0
20.7955978606955,35.7588615427234,0
20.5754741943292,35.8980028705013,0
20.354423827289,36.0357914532839,0
20.1324550546115,36.1722211383912,0
19.9095762121318,36.3072858239199,0
19.6857956761725,36.4409794590137,0
19.4611218632308,36.5732960441311,0
19.2355632296638,36.7042296313121,0
19.0091282713719,36.8337743244423,0
18.781825523481,36.961924279515,0
18.5536635600223,37.0886737048919,0
18.3246509936109,37.2140168615614,0
18.0947964751226,37.3379480633951,0
17.8641086933685,37.4604616774022,0
17.632596374769,37.5815521239821,0
17.400268283025,37.7012138771749,0
17.167133218788,37.8194414649094,0
16.9332000193287,37.9362294692503,0
16.6984775582038,38.0515725266419,0
16.4629747449208,38.1654653281507,0
16.226700524602,38.2779026197056,0
15.9896638776462,38.3888792023364,0
15.7518738193892,38.4983899324093,0
15.5133393997626,38.6064297218616,0
15.2740697029511,38.7129935384331,0
15.0340738470482,38.8180764058962,0
14.7933609837104,38.9216734042834,0
14.5519402978101,39.023779670113,0
14.3098210070864,39.1243903966125,0
14.0670123617952,39.2235008339396,0
13.8235236443574,39.3211062894018,0
13.5793641690052,39.4172021276726,0
13.3345432814282,39.5117837710069,0
13.0890703584165,39.6048466994532,0
12.8429548075039,39.6963864510641,0
12.5962060666083,39.7863986221042,0
12.3488336036719,39.8748788672561,0
12.1008469162991,39.9618228998242,0
11.8522555313936,40.0472264919363,0
11.6030690047942,40.131085474742,0
11.3532969209083,40.2133957386107,0
11.1029488923457,40.2941532333253,0
10.8520345595495,40.3733539682755,0
10.6005635904267,40.450994012647,0
10.3485456799772,40.5270694956101,0
10.0959905499214,40.6015766065045,0
9.84290794832667,40.6745115950232,0
9.58930764923281,40.7458707713928,0
9.33519945227582,40.8156505065524,0
9.08059318231077,40.8838472323298,0
8.82549868903343,40.9504574416153,0
8.56992584660061,41.0154776885329,0
8.31388455324944,41.0789045886102,0
8.05738473091545,41.1407348189447,0
7.8004363248495,41.2009651183682,0
7.54304930323358,41.259592287609,0
7.28523365679553,41.3166131894515,0
7.02699939842265,41.3720247488936,0
6.76835656277421,41.4258239533013,0
6.50931520589291,41.4780078525613,0
6.24988540481527,41.5285735592309,0
5.99007725718103,41.5775182486858,0
5.72990088084145,41.624839159265,0
5.46936641346666,41.6705335924135,0
5.20848401215201,41.714598912823,0
4.94726385302346,41.7570325485691,0
4.68571613084194,41.7978319912471,0
4.4238510586068,41.8369947961047,0
4.16167886715841,41.8745185821724,0
3.89920980477968,41.9104010323913,0
3.63645413679683,41.944639893739,0
3.37342214517921,41.9772329773519,0
3.11012412813822,42.0081781586462,0
2.84657039972544,42.0374733774352,0
2.5827712894299,42.0651166380456,0
2.31873714177447,42.0911060094295,0
2.05447831591159,42.1154396252753,0
1.79000518521802,42.1381156841155,0
1.52532813688894,42.1591324494319,0
1.26045757153124,42.1784882497583,0
0.995403902756118,42.196181478781,0
0.7301775567709,42.2122105954361,0
0.464788971970143,42.226574124005,0
0.199248598526081,42.2392706542067,0
-0.0664331020216347,42.2502988412878,0
-0.332245657176864,42.2596574061101,0
-0.598178583898506,42.2673451352351,0
-0.864221389012751,42.2733608810067,0
-1.13036356962586,42.2777035616305,0
-1.3965946135376,42.280372161251,0
-1.66290399965521,42.2813657300263,0
-1.92928119840799,42.2806833841996,0
-2.19571567216242,42.2783243061686,0
-2.4621968756378,42.2742877445527,0
-2.7287142563224,42.2685730142561,0
-2.99525725489019,42.26117949653,0
-3.26181530561794,42.2521066390313,0
-3.52837783680284,42.2413539558785,0
-3.79493427118063,42.2289210277058,0
-4.0614740263441,42.2148075017133,0
-4.32798651516197,42.1990130917163,0
-4.59446114619831,42.18153757819,0
-4.8608873241322,42.1623808083133,0
-5.12725445017785,42.1415426960088,0
-5.39355192250508,42.1190232219807,0
-5.65976913666002,42.0948224337498,0
-5.92589548598633,42.068940445686,0
-6.19192036204648,42.0413774390382,0
-6.45783315504356,42.0121336619615,0
-6.7236232542432,41.9812094295413,0
-6.98928004839578,41.9486051238156,0
-7.25479292615889,41.9143211937939,0
-7.52015127652004,41.8783581554738,0
-7.78534448921949,41.8407165918548,0
-8.05036195517336,41.8013971529492,0
-8.31519306689684,41.7604005557913,0
-8.57982721892757,41.7177275844424,0
-8.84425380824921,41.6733790899945,0
-9.10846223471504,41.6273559905705,0
-9.37244190147172,41.5796592713222,0
-9.63618221538313,41.530289984425,0
-9.89967258745425,41.479249249071,0
-10.1629024332552,41.4265382514581,0
-10.4258611733449,41.3721582447775,0
-10.6885382336957,41.3161105491978,0
-10.9509230461167,41.258396551847,0
-11.2130050486783,41.1990177067913,0
-11.4747736861356,41.1379755350115,0
-11.7362184103528,41.0752716243766,0
-11.9973286807268,41.0109076296149,0
-12.2580939646111,40.9448852722821,0
-12.5185037377392,40.8772063407273,0
-12.7785474846482,40.8078726900553,0
-13.0382146991026,40.7368862420874,0
-13.2974948845169,40.6642489853183,0
-13.5563775543792,40.5899629748718,0
-13.8148522326739,40.5140303324523,0
-14.0729084543042,40.4364532462945,0
-14.330535765515,40.3572339711103,0
-14.5877237243146,40.2763748280327,0
-14.8444619008972,40.1938782045576,0
-15.1007398780643,40.1097465544822,0
-15.3565472516461,40.0239823978412,0
-15.6118736309229,39.9365883208403,0
-15.8667086390453,39.847566975787,0
-16.1210419134555,39.7569210810182,0
-16.3748631063066,39.6646534208263,0
-16.6281618848828,39.5707668453811,0
-16.8809279320185,39.4752642706505,0
-17.1331509465174,39.3781486783175,0
-17.3848206435708,39.2794231156952,0
-17.6359267551759,39.1790906956384,0
-17.8864590305531,39.0771545964535,0
-18.1364072365634,38.9736180618045,0
-18.3857611581249,38.868484400618,0
-18.6345105986291,38.7617569869839,0
-18.882645380356,38.6534392600541,0
-19.1301553448899,38.5435347239394,0
-19.3770303535333,38.4320469476018,0
-19.623260287721,38.3189795647463,0
-19.8688350494336,38.2043362737086,0
-20.11374456161,38.0881208373405,0
-20.3579787685596,37.9703370828933,0
-20.6015276363736,37.8509889018976,0
-20.844381153336,37.7300802500411,0
-21.0865293303337,37.6076151470435,0
-21.3279622012658,37.4835976765292,0
-21.5686698234521,37.3580319858967,0
-21.8086422780416,37.230922286186,0
-22.0478696704194,37.1022728519431,0
-22.2863421306132,36.9720880210818,0
-22.5240498136988,36.8403721947432,0
-22.7609829002057,36.7071298371525,0
-22.9971315965202,36.5723654754729,0
-23.2324861352896,36.4360836996576,0
-23.4670367758239,36.2982891622981,0
-23.7007738044979,36.1589865784714,0
-23.9336875351515,36.0181807255833,0
-24.1657683094897,35.8758764432099,0
-24.3970064974813,35.732078632936,0
-24.6273924977571,35.5867922581917,0
-24.8569167380069,35.4400223440857,0
-25.0855696753751,35.2917739772364,0
-25.3133417968565,35.1420523056004,0
-25.5402236196896,34.9908625382983,0
-25.7662056917505,34.8382099454385,0
-25.9912785919441,34.684099857938,0
-26.2154329305961,34.5285376673403,0
-26.438659349842,34.3715288256321,0
-26.6609485240164,34.213078845056,0
-26.882291160041,34.0531932979218,0
-27.102677997811,33.8918778164143,0
-27.3220998105808,33.7291380924001,0
-27.5405474053482,33.56497987723,0
-27.7580116232382,33.3994089815408,0
-27.9744833398845,33.2324312750531,0
-28.189953465811,33.0640526863676,0
-28.404412946811,32.8942792027587,0
-28.6178527643262,32.7231168699654,0
-28.8302639358234,32.5505717919803,0
-29.0416375151713,32.3766501308353,0
-29.2519645930146,32.2013581063858,0
-29.4612362971478,32.0247019960921,0
-29.6694437928873,31.8466881347979,0
-29.8765782834425,31.6673229145077,0
-30.0826310102849,31.4866127841599,0
-30.2875932535169,31.3045642493997,0
-30.4914563322382,31.1211838723475,0
-30.6942116049115,30.9364782713667,0
-30.8958504697267,30.750454120828,0
-31.0963643649632,30.5631181508716,0
-31.2957447693518,30.3744771471675,0
-31.4939832024339,30.184537950673,0
-31.6910712249205,29.9933074573877,0
-31.8870004390487,29.800792618107,0
-32.0817624889374,29.6070004381723,0
-32.275349060941,29.4119379772198,0
-32.4677518840023,29.215612348926,0
-32.6589627300032,29.018030720752,0
-32.848973414114,28.8192003136847,0
-33.0377757951413,28.6191284019762,0
-33.2253617758745,28.4178223128806,0
-33.4117233034302,28.215289426389,0
-33.5968523695957,28.0115371749615,0
-33.7807410111698,27.806573043258,0
-33.9633813103035,27.6004045678659,0
-34.1447653948377,27.3930393370262,0
-34.3248854386401,27.1844849903566,0
-34.5037336619395,26.9747492185736,0
-34.6813023316599,26.7638397632112,0
-34.8575837617514,26.5517644163384,0
-35.0325703135202,26.3385310202739,0
-35.2062543959567,26.1241474672986,0
-35.3786284660619,25.9086216993671,0
-35.549685029172,25.6919617078151,0
-35.7194166392809,25.4741755330665,0
-35.887815899362,25.2552712643377,0
-36.0548754616865,25.0352570393394,0
-36.2205880281419,24.8141410439767,0
-36.3849463505466,24.5919315120477,0
-36.5479432309644,24.3686367249386,0
-36.7095715220164,24.1442650113184,0
-36.8698241271905,23.9188247468302,0
-37.0286940011504,23.6923243537813,0
-37.1861741500413,23.464772300831,0
-37.3422576317949,23.2361771026761,0
-37.4969375564311,23.0065473197352,0
-37.6502070863595,22.7758915578302,0
-37.8020594366773,22.5442184678662,0
-37.9524878754663,22.3115367455094,0
-38.1014857240878,22.0778551308629,0
-38.2490463574748,21.8431824081412,0
-38.3951632044233,21.6075274053416,0
-38.5398297478808,21.3708989939149,0
-38.6830395252329,21.1333060884331,0
-38.8247861285881,20.8947576462567,0
-38.9650632050606,20.6552626671981,0
-39.1038644570507,20.414830193185,0
-39.2411836425234,20.1734693079208,0
-39.3770145752848,19.9311891365441,0
-39.5113511252565,19.6879988452848,0
-39.6441872187478,19.4439076411206,0
-39.7755168387262,19.1989247714295,0
-39.9053340250846,18.9530595236424,0
-40.033632874908,18.7063212248921,0
-40.1604075427368,18.4587192416625,0
-40.2856522408286,18.2102629794341,0
-40.4093612394172,17.9609618823296,0
-40.5315288669702,17.7108254327561,0
-40.6521495104439,17.4598631510468,0
-40.7712176155358,17.2080845951007,0
-40.8887276869358,16.95549936002,0
-41.0046742885738,16.7021170777469,0
-41.1190520438665,16.4479474166979,0
-41.2318556359607,16.1930000813967,0
-41.3430798079752,15.9372848121058,0
-41.4527193632402,15.6808113844557,0
-41.560769165534,15.4235896090737,0
-41.667224139318,15.1656293312099,0
-41.772079269969,14.9069404303624,0
-41.8753296040093,14.6475328199005,0
-41.9769702493349,14.3874164466868,0
-42.0769963754401,14.1266012906977,0
-42.1754032136416,13.8650973646415,0
-42.2721860572984,13.6029147135766,0
-42.3673402620307,13.3400634145268,0
-42.4608612459359,13.0765535760961,0
-42.5527444898017,12.8123953380809,0
-42.6429855373181,12.5475988710824,0
-42.7315799952854,12.2821743761162,0
-42.8185235338214,12.0161320842207,0
-42.9038118865647,11.749482256065,0
-42.9874408508766,11.4822351815543,0
-43.0694062880401,11.2144011794345,0
-43.1497041234566,10.9459905968956,0
-43.2283303468399,10.6770138091734,0
-43.3052810124083,10.4074812191498,0
-43.3805522390733,10.1374032569524,0
-43.4541402106267,9.8667903795523,0
-43.5260411759248,9.5956530703606,0
-43.5962514490701,9.32400183882395,0
-43.6647674095903,9.05184722001878,0
-43.7315855026155,8.77919977424408,0
-43.7967022390518,8.50607008661321,0
-43.8601141957535,8.23246876664444,0
-43.9218180156915,7.95840644785027,0
-43.9818104081205,7.68389378732572,0
-44.0400881487427,7.40894146533518,0
-44.0966480798687,7.1335601848986,0
-44.1514871105773,6.85776067137601,0
-44.2046022168708,6.58155367205151,0
-44.2559904418292,6.30494995571561,0
-44.3056488957609,6.02796031224708,0
-44.3535747563513,5.75059555219315,0
-44.3997652688086,5.4728665063493,0
-44.4442177460068,5.19478402533741,0
-44.4869295686264,4.91635897918349,0
-44.5278981852923,4.63760225689404,0
-44.5671211127089,4.35852476603141,0
-44.604595935793,4.07913743228866,0
-44.6403203078036,3.79945119906286,0
-44.674291950469,3.5194770270281,0
-44.7065086541117,3.23922589370695,0
-44.7369682777703,2.95870879304175,0
-44.7656687493186,2.67793673496429,0
-44.7926080655823,2.3969207449653,0
-44.8177842924529,2.11567186366262,0
-44.8411955649986,1.83420114636884,0
-44.8628400875734,1.55251966265799,0
-44.8827161339218,1.27063849593154,0
-44.9008220472831,0.988568742983561,0
-44.9171562404907,0.706321513565147,0
-44.9317171960702,0.423907929948244,0
-44.9445034663339,0.141339126488406,0
-44.9555136734733,-0.141373750812607,0
-44.9647465096483,-0.424219544745536,0
-44.9722007370735,-0.707187087332374,0
-44.9778751881028,-0.990265200266289,0
-44.9817687653097,-1.27344269535184,0
-44.983880441566,-1.55670837494597,0
-44.9842092601174,-1.84005103239948,0
-44.9827543346563,-2.12345945249921,0
-44.9795148493918,-2.40692241191068,0
-44.9744900591166,-2.69042867962131,0
-44.9676792892721,-2.97396701738415,0
-44.9590819360097,-3.25752618016215,0
-44.9486974662493,-3.54109491657289,0
-44.9365254177362,-3.82466196933383,0
-44.9225653990938,-4.10821607570786,0
-44.906817089874,-4.39174596794956,0
-44.8892802406055,-4.67524037375163,0
-44.8699546728378,-4.95868801669187,0
-44.8488402791838,-5.24207761668041,0
-44.8259370233591,-5.5253978904075,0
-44.8012449402179,-5.80863755179146,0
-44.774764135787,-6.09178531242706,0
-44.7464947872965,-6.37482988203421,0
-44.7164371432074,-6.65775996890691,0
-44.6845915232373,-6.94056428036252,0
-44.6509583183821,-7.22323152319119,0
-44.6155379909357,-7.50575040410581,0
-44.5783310745065,-7.78810963019168,0
-44.5393381740313,-8.07029790935702,0
-44.498559965786,-8.35230395078305,0
-44.4559971973939,-8.63411646537475,0
-44.4116506878306,-8.91572416621141,0
-44.3655213274269,-9.19711576899754,0
-44.3176100778678,-9.47827999251379,0
-44.2679179721893,-9.759205559068,0
-44.2164461147725,-10.0398811949463,0
-44.1631956813345,-10.3202956308643,0
-44.1081679189162,-10.6004376024183,0
-44.0513641458679,-10.8802958505368,0
-43.9927857518317,-11.1598591219313,0
-43.9324341977209,-11.4391161695479,0
-43.8703110156968,-11.7180557530186,0
-43.8064178091426,-11.9966666391121,0
-43.7407562526343,-12.2749376021852,0
-43.6733280919089,-12.552857424634,0
-43.6041351438298,-12.8304148973443,0
-43.5331792963489,-13.1075988201432,0
-43.4604625084664,-13.384398002249,0
-43.3859868101876,-13.6608012627221,0
-43.3097543024765,-13.9367974309156,0
-43.2317671572069,-14.2123753469251,0
-43.1520276171108,-14.4875238620385,0
-43.0705379957232,-14.7622318391866,0
-42.987300677325,-15.0364881533914,0
-42.9023181168822,-15.3102816922164,0
-42.815592839983,-15.5836013562149,0
-42.7271274427713,-15.8564360593789,0
-42.6369245918782,-16.1287747295873,0
-42.5449870243496,-16.4006063090541,0
-42.4513175475721,-16.6719197547758,0
-42.3559190391952,-16.9427040389788,0
-42.2587944470508,-17.2129481495665,0
-42.1599467890704,-17.4826410905653,0
-42.0593791531989,-17.7517718825712,0
-41.9570946973054,-18.0203295631947,0
-41.8530966490921,-18.2883031875068,0
-41.7473883059993,-18.5556818284831,0
-41.6399730351083,-18.8224545774481,0
-41.5308542730409,-19.0886105445188,0
-41.4200355258568,-19.354138859048,0
-41.3075203689473,-19.6190286700668,0
-41.193312446927,-19.8832691467265,0
-41.0774154735221,-20.14684947874,0
-40.9598332314561,-20.4097588768228,0
-40.8405695723331,-20.6719865731332,0
-40.7196284165171,-20.9335218217114,0
-40.5970137530101,-21.1943538989191,0
-40.472729639326,-21.4544721038769,0
-40.3467802013627,-21.7138657589025,0
-40.2191696332707,-21.9725242099472,0
-40.0899021973191,-22.230436827032,0
-39.9589822237595,-22.4875930046827,0
-39.826414110686,-22.7439821623651,0
-39.692202323893,-22.9995937449179,0
-39.5563513967304,-23.2544172229865,0
-39.4188659299558,-23.5084420934544,0
-39.2797505915838,-23.7616578798753,0
-39.1390101167328,-24.0140541329027,0
-38.996649307469,-24.2656204307203,0
-38.8526730326474,-24.51634637947,0
-38.7070862277504,-24.7662216136804,0
-38.5598938947237,-25.0152357966928,0
-38.4111011018086,-25.2633786210881,0
-38.2607129833733,-25.5106398091109,0
-38.1087347397395,-25.757009113094,0
-37.9551716370075,-26.0024763158812,0
-37.8000290068787,-26.2470312312493,0
-37.6433122464742,-26.4906637043291,0
-37.4850268181523,-26.7333636120251,0
-37.3251782493221,-26.9751208634348,0
-37.1637721322546,-27.2159254002659,0
-37.000814123892,-27.4557671972532,0
-36.8363099456529,-27.6946362625743,0
-36.6702653832361,-27.9325226382637,0
-36.5026862864209,-28.1694164006262,0
-36.3335785688656,-28.4053076606491,0
-36.1629482079019,-28.6401865644129,0
-35.9908012443287,-28.8740432935012,0
-35.8171437822012,-29.1068680654088,0
-35.6419819886188,-29.3386511339495,0
-35.4653220935097,-29.5693827896618,0
-35.2871703894135,-29.7990533602134,0
-35.10753323126,-30.0276532108051,0
-34.926417036147,-30.2551727445726,0
-34.7438282831141,-30.4816024029876,0
-34.559773512915,-30.7069326662567,0
-34.3742593277861,-30.9311540537206,0
-34.1872923912139,-31.1542571242495,0
-33.9988794276984,-31.3762324766396,0
-33.8090272225153,-31.5970707500066,0
-33.6177426214747,-31.816762624178,0
-33.4250325306773,-32.035298820085,0
-33.230903916269,-32.2526701001511,0
-33.0353638041919,-32.4688672686814,0
-32.8384192799332,-32.6838811722484,0
-32.640077488272,-32.8977027000777,0
-32.4403456330227,-33.1103227844316,0
-32.2392309767772,-33.3217324009913,0
-32.0367408406431,-33.5319225692373,0
-31.8328826039807,-33.7408843528289,0
-31.6276637041371,-33.948608859981,0
-31.4210916361776,-34.1550872438406,0
-31.2131739526149,-34.3603107028609,0
-31.0039182631362,-34.5642704811735,0
-30.7933322343272,-34.7669578689599,0
-30.5814235893942,-34.9683642028209,0
-30.3682001078836,-35.1684808661436,0
-30.1536696253992,-35.3672992894682,0
-29.9378400333169,-35.5648109508513,0
-29.7207192784971,-35.7610073762296,0
-29.502315362995,-35.9558801397797,0
-29.2826363437679,-36.1494208642775,0
-29.0616903323811,-36.3416212214556,0
-28.8394854947106,-36.5324729323589,0
-28.6160300506441,-36.7219677676977,0
-28.3913322737794,-36.9100975482004,0
-28.1654004911206,-37.0968541449629,0
-27.9382430827718,-37.2822294797971,0
-27.7098684816291,-37.4662155255775,0
-27.4802851730697,-37.6488043065852,0
-27.2495016946391,-37.8299878988507,0
-27.0175266357359,-38.0097584304948,0
-26.7843686372948,-38.1881080820673,0
-26.5500363914666,-38.3650290868837,0
-26.3145386412971,-38.5405137313601,0
-26.0778841804022,-38.7145543553464,0
-25.8400818526429,-38.8871433524573,0
-25.6011405517962,-39.0582731704008,0
-25.3610692212253,-39.2279363113059,0
-25.1198768535466,-39.396125332047,0
-24.8775724902951,-39.5628328445673,0
-24.634165221588,-39.7280515161991,0
-24.3896641857852,-39.8917740699834,0
-24.1440785691489,-40.0539932849863,0
-23.8974176055,-40.2147019966135,0
-23.6496905758735,-40.3738930969231,0
-23.4009068081709,-40.5315595349364,0
-23.1510756768113,-40.6876943169456,0
-22.9002066023798,-40.8422905068207,0
-22.648309051275,-40.9953412263129,0
-22.3953925353526,-41.1468396553571,0
-22.1414666115693,-41.2967790323714,0
-21.8865408816228,-41.4451526545545,0
-21.6306249915911,-41.591953878181,0
-21.3737286315692,-41.7371761188951,0
-21.115861535304,-41.8808128520006,0
-20.8570334798276,-42.0228576127503,0
-20.5972542850883,-42.1633039966319,0
-20.3365338135795,-42.3021456596525,0
-20.0748819699675,-42.4393763186201,0
-19.8123087007174,-42.5749897514233,0
-19.5488239937156,-42.7089797973087,0
-19.2844378778925,-42.8413403571554,0
-19.0191604228423,-42.9720653937482,0
-18.7530017384414,-43.1011489320472,0
-18.4859719744643,-43.2285850594564,0
-18.2180813201986,-43.3543679260886,0
-17.949340004058,-43.478491745029,0
-17.6797582931929,-43.6009507925957,0
-17.4093464931003,-43.7217394085983,0
-17.1381149472313,-43.8408519965939,0
-16.8660740365969,-43.9582830241401,0
-16.5932341793727,-44.0740270230469,0
-16.3196058305008,-44.1880785896248,0
-16.0451994812916,-44.3004323849314,0
-15.7700256590226,-44.4110831350146,0
-15.4940949265359,-44.5200256311547,0
-15.2174178818348,-44.6272547301021,0
-14.940005157678,-44.7327653543145,0
-14.6618674211723,-44.8365524921904,0
-14.3830153733642,-44.9386111982999,0
-14.1034597488296,-45.0389365936141,0
-13.823211315262,-45.1375238657309,0
-13.5422808730593,-45.2343682690984,0
-13.2606792549087,-45.3294651252366,0
-12.9784173253708,-45.4228098229553,0
-12.6955059804619,-45.5143978185701,0
-12.4119561472344,-45.6042246361161,0
-12.1277787833564,-45.6922858675582,0
-11.8429848766897,-45.7785771729991,0
-11.5575854448662,-45.8630942808854,0
-11.271591534863,-45.9458329882099,0
-10.9850142225764,-46.0267891607117,0
-10.697864612394,-46.1059587330744,0
-10.4101538367661,-46.1833377091205,0
-10.121893055775,-46.2589221620035,0
-9.83309345670406,-46.3327082343979,0
-9.54376625360416,-46.404692138686,0
-9.25392268685997,-46.4748701571417,0
-8.96357402275443,-46.5432386421124,0
-8.67273155303221,-46.6097940161973,0
-8.38140659446182,-46.6745327724241,0
-8.0896104883964,-46.7374514744217,0
-7.79735460033357,-46.7985467565912,0
-7.5046503194741,-46.8578153242732,0
-7.21150905827921,-46.9152539539136,0
-6.91794225202674,-46.9708594932254,0
-6.62396135836656,-47.0246288613485,0
-6.32957785687432,-47.0765590490062,0
-6.03480324860471,-47.1266471186596,0
-5.73964905564303,-47.1748902046586,0
-5.44412682065633,-47.22128551339,0
-5.14824810644304,-47.2658303234237,0
-4.85202449548171,-47.3085219856552,0
-4.55546758947885,-47.3493579234453,0
-4.25858900891583,-47.3883356327577,0
-3.96140039259462,-47.4254526822931,0
-3.66391339718252,-47.4607067136206,0
-3.36613969675649,-47.4940954413064,0
-3.06809098234577,-47.5256166530398,0
-2.76977896147442,-47.5552682097554,0
-2.47121535770224,-47.5830480457541,0
-2.17241191016552,-47.6089541688196,0
-1.87338037311629,-47.6329846603329,0
-1.57413251546142,-47.6551376753837,0
-1.27468012030019,-47.6754114428788,0
-0.975034984461799,-47.6938042656482,0
-0.675208918041615,-47.710314520547,0
-0.375213743936689,-47.7249406585561,0
-0.0750612973809733,-47.7376812048784,0
0.225236574520817,-47.7485347590332,0
0.525668013259356,-47.7574999949472,0
0.826221149388216,-47.7645756610424,0
1.12688410299136,-47.7697605803217,0
1.42764498415193,-47.7730536504509,0
1.72849189342103,-47.7744538438379,0
2.02941292228773,-47.7739602077094,0
2.330396153649,-47.7715718641844,0
2.63142966228091,-47.767288010344,0
2.93250151530969,-47.7611079182998,0
3.23359977268384,-47.7530309352579,0
3.53471248764659,-47.7430564835805,0
3.83582770720862,-47.7311840608448,0
4.1369334726217,-47.7174132398983,0
4.43801781985226,-47.7017436689119,0
4.739068780056,-47.684175071429,0
5.04007438005222,-47.6647072464127,0
5.34102264279927,-47.6433400682892,0
5.6419015878697,-47.6200734869886,0
5.94269923192642,-47.5949075279828,0
6.24340358919855,-47.5678422923199,0
6.54400267195811,-47.5388779566559,0
6.84448449099682,-47.508014773284,0
7.1448370561032,-47.4752530701595,0
7.44504837653974,-47.4405932509231,0
7.74510646152065,-47.4040357949202,0
8.04499932068972,-47.3655812572179,0
8.34471496459833,-47.3252302686184,0
8.6442414051835,-47.2829835356699,0
8.94356665624647,-47.2388418406738,0
9.24267873393128,-47.1928060416899,0
9.54156565720326,-47.1448770725374,0
9.8402154483279,-47.0950559427938,0
10.1386161333499,-47.0433437377904,0
10.4367557425718,-46.9897416186047,0
10.7346223110333,-46.93425082205,0
11.0322038789902,-46.8768726606615,0
11.3294884923934,-46.8176085226805,0
11.6264642033681,-46.7564598720338,0
11.9231190706927,-46.6934282483119,0
12.2194411602778,-46.6285152667427,0
12.5154185456455,-46.5617226181633,0
12.8110393084079,-46.493052068988,0
13.1062915387458,-46.4225054611734,0
13.4011633358878,-46.3500847121811,0
13.6956428085883,-46.2757918149361,0
13.9897180756065,-46.1996288377837,0
14.2833772661837,-46.1215979244423,0
14.5766085205223,-46.0417012939533,0
14.8693999902629,-45.9599412406284,0
15.1617398389619,-45.8763201339934,0
15.4536162425692,-45.7908404187293,0
15.745017389905,-45.7035046146105,0
16.0359314831364,-45.6143153164391,0
16.3263467382539,-45.5232751939776,0
16.6162513855478,-45.4303869918771,0
16.9056336700836,-45.3356535296033,0
17.1944818521777,-45.2390777013597,0
17.482784207872,-45.1406624760073,0
17.7705290294088,-45.0404108969808,0
18.0577046257052,-44.9383260822032,0
18.3442993228262,-44.8344112239962,0
18.6303014644585,-44.7286695889877,0
18.9156994123833,-44.6211045180172,0
19.2004815469481,-44.5117194260367,0
19.484636267539,-44.4005178020103,0
19.7681519930518,-44.2875032088093,0
20.0510171623624,-44.1726792831051,0
20.3332202347975,-44.056049735259,0
20.6147496906032,-43.937618349209,0
20.8955940314148,-43.8173889823533,0
21.1757417807246,-43.6953655654315,0
21.4551814843496,-43.5715521024018,0
21.7339017108983,-43.4459526703162,0
22.011891052237,-43.3185714191924,0
22.2891381239558,-43.1894125718822,0
22.5656315658323,-43.0584804239378,0
22.841360042297,-42.9257793434747,0
23.1163122428956,-42.7913137710311,0
23.3904768827519,-42.6550882194258,0
23.6638427030293,-42.5171072736116,0
23.936398471392,-42.3773755905263,0
24.2081329824647,-42.2358978989416,0
24.479035058292,-42.0926789993073,0
24.7490935487966,-41.9477237635946,0
25.0182973322365,-41.8010371351347,0
25.2866353156619,-41.6526241284554,0
25.5540964353704,-41.5024898291149,0
25.8206696573618,-41.3506393935322,0
26.0863439777914,-41.1970780488146,0
26.3511084234231,-41.0418110925828,0
26.6149520520804,-40.8848438927928,0
26.8778639530977,-40.7261818875543,0
27.1398332477692,-40.5658305849478,0
27.4008490897977,-40.4037955628369,0
27.6609006657419,-40.2400824686793,0
27.9199771954628,-40.074697019334,0
28.1780679325685,-39.9076450008658,0
28.4351621648588,-39.7389322683475,0
28.6912492147675,-39.5685647456586,0
28.9463184398045,-39.3965484252812,0
29.2003592329959,-39.2228893680935,0
29.4533610233238,-39.0475937031603,0
29.7053132761638,-38.8706676275204,0
29.9562054937222,-38.6921174059714,0
30.2060272154715,-38.511949370852,0
30.4547680185842,-38.3301699218207,0
30.7024175183666,-38.1467855256326,0
30.9489653686896,-37.9618027159129,0
31.1944012624194,-37.7752280929278,0
31.4387149318462,-37.5870683233524,0
31.6818961491124,-37.3973301400363,0
31.9239347266378,-37.2060203417656,0
32.1648205175452,-37.0131457930238,0
32.4045434160831,-36.8187134237476,0
32.6430933580482,-36.6227302290823,0
32.8804603212052,-36.4252032691329,0
33.1166343257062,-36.2261396687131,0
33.3516054345081,-36.0255466170918,0
33.5853637537884,-35.8234313677363,0
33.8178994333594,-35.6198012380534,0
34.0492026670817,-35.4146636091276,0
34.2792636932748,-35.2080259254565,0
34.5080727951274,-34.9998956946837,0
34.7356203011048,-34.7902804873291,0
34.9618965853561,-34.5791879365165,0
35.1868920681188,-34.3666257376984,0
35.4105972161216,-34.1526016483786,0
35.6330025429867,-33.9371234878319,0
35.854098609629,-33.7201991368209,0
36.0738760246546,-33.5018365373112,0
36.2923254447568,-33.2820436921827,0
36.5094375751116,-33.0608286649395,0
36.7252031697698,-32.8381995794168,0
36.9396130320486,-32.6141646194848,0
37.1526580149209,-32.3887320287507,0
37.3643290214029,-32.1619101102584,0
37.5746170049398,-31.9337072261843,0
37.7835129697898,-31.7041317975326,0
37.9910079714063,-31.4731923038264,0
38.1970931168179,-31.240897282797,0
38.4017595650066,-31.0072553300712,0
38.6049985272849,-30.7722750988551,0
38.8068012676695,-30.5359652996163,0
39.0071591032545,-30.2983346997634,0
39.2060634045818,-30.059392123323,0
39.4035055960095,-29.8191464506144,0
39.5994771560794,-29.5776066179217,0
39.7939696178809,-29.3347816171637,0
39.986974569414,-29.0906804955617,0
40.1784836539502,-28.8453123553042,0
40.3684885703909,-28.59868635321,0
40.556981073624,-28.3508117003884,0
40.7439529748784,-28.1016976618976,0
40.9293961420767,-27.8513535564003,0
41.113302500185,-27.5997887558172,0
41.2956640315617,-27.3470126849784,0
41.4764727763033,-27.0930348212721,0
41.6557208325883,-26.8378646942915,0
41.8334003570191,-26.5815118854793,0
42.0095035649615,-26.3239860277697,0
42.1840227308825,-26.0652968052283,0
42.3569501886847,-25.8054539526903,0
42.5282783320403,-25.5444672553956,0
42.6979996147211,-25.2823465486228,0
42.8661065509273,-25.0191017173197,0
43.032591715614,-24.7547426957329,0
43.1974477448147,-24.4892794670348,0
43.3606673359635,-24.2227220629479,0
43.522243248214,-23.9550805633681,0
43.6821683027568,-23.686365095985,0
43.8404353831341,-23.4165858359005,0
43.9970374355521,-23.1457530052452,0
44.151967469191,-22.8738768727927,0
44.3052185565126,-22.6009677535725,0
44.456783833566,-22.3270360084797,0
44.6066565002902,-22.0520920438837,0
44.7548298208143,-21.7761463112342,0
44.9012971237563,-21.4992093066661,0
45.046051802518,-21.2212915706015,0
45.1890873155786,-20.9424036873501,0
45.3303971867854,-20.6625562847077,0
45.4699750056418,-20.3817600335532,0
45.6078144275932,-20.1000256474429,0
45.7439091743104,-19.817363882203,0
45.8782530339702,-19.5337855355213,0
46.0108398615332,-19.2493014465356,0
46.1416635790205,-18.963922495421,0
46.2707181757858,-18.6776596029756,0
46.3979977087865,-18.3905237302038,0
46.5234963028515,-18.102525877898,0
46.6472081509468,-17.8136770862189,0
46.7691275144382,-17.5239884342733,0
46.8892487233512,-17.2334710396911,0
47.0075661766291,-16.9421360581994,0
47.1240743423878,-16.6499946831961,0
47.2387677581678,-16.3570581453209,0
47.3516410311841,-16.0633377120253,0
47.4626888385731,-15.7688446871399,0
47.5719059276371,-15.4735904104414,0
47.6792871160855,-15.1775862572169,0
47.7848272922743,-14.8808436378272,0
47.8885214154416,-14.5833739972682,0
47.9903645159418,-14.2851888147305,0
48.0903516954756,-13.9862996031583,0
48.1884781273189,-13.6867179088057,0
48.2847390565472,-13.386455310792,0
48.3791298002587,-13.0855234206556,0
48.4716457477937,-12.7839338819061,0
48.5622823609515,-12.4816983695752,0
48.6510351742051,-12.1788285897655,0
48.7378997949117,-11.8753362791988,0
48.8228719035219,-11.5712332047627,0
48.9059472537851,-11.2665311630549,0
48.9871216729525,-10.9612419799271,0
49.066391061977,-10.6553775100275,0
49.1437513957107,-10.3489496363412,0
49.2191987230989,-10.0419702697301,0
49.2927291673717,-9.73445134847066,0
49.3643389262325,-9.42640483779145,0
49.4340242720437,-9.11784272940799,0
49.50178155201,-8.80877704105747,0
49.5676071883573,-8.49921981603188,0
49.6314976785106,-8.18918312270976,0
49.6934495952677,-7.87867905408668,0
49.7534595869703,-7.56771972730483,0
49.8115243776722,-7.25631728318132,0
49.8676407673049,-6.94448388573517,0
49.9218056318394,-6.63223172171316,0
49.9740159234458,-6.31957300011476,0
50.0242686706497,-6.00651995171604,0
50.0725609784855,-5.69308482859188,0
50.1188900286469,-5.37927990363776,0
50.1632530796343,-5.06511747009035,0
50.2056474668992,-4.75060984104689,0
50.2460706029856,-4.43576934898355,0
50.2845199776686,-4.12060834527304,0
50.3209931580895,-3.80513919970113,0
50.3554877888882,-3.48937429998214,0
50.3880015923328,-3.17332605127346,0
50.4185323684456,-2.85700687568928,0
50.4470779951267,-2.54042921181354,0
50.4736364282736,-2.22360551421167,0
50.498205701899,-1.90654825294155,0
50.5207839282443,-1.58926991306398,0
50.5413692978911,-1.27178299415189,0
50.5599600798687,-0.95410000979889,0
50.5765546217593,-0.636233487127087,0
50.5911513497994,-0.318195966294256,0
50.6037487689788,-1.23943437909573e-14,0
